FILE	ID	CHR	P0	P1	HSQ	BEST.GWAS.ID	BEST.GWAS.Z	EQTL.ID	EQTL.R2	EQTL.Z	EQTL.GWAS.Z	NSNP	NWGT	MODEL	MODELCV.R2	MODELCV.PV	TWAS.Z	TWAS.P
./fusion_twas/WEIGHTS/LIV_LDL/NAPSB_500kb.wgt.RDat	NAPSB	19	50837053	50848024	0.5800	rs957738	 -3.02	rs1274517	 4.06e-01	-14.49	 -0.5000	167	 47	enet	0.56884	 2.85e-97	  0.22679	8.21e-01
./fusion_twas/WEIGHTS/LIV_LDL/RP11-15H20.6_500kb.wgt.RDat	RP11-15H20.6	19	23442708	23457053	0.3907	rs11670477	  2.69	rs9676289	 4.18e-01	-14.78	  0.6667	 67	  2	lasso	0.47385	 9.49e-75	 -0.53372	5.94e-01
./fusion_twas/WEIGHTS/LIV_LDL/AC020910.2_500kb.wgt.RDat	AC020910.2	19	35166998	35168486	0.1129	rs4806093	 -2.44	rs2305762	 1.13e-01	 -7.77	  0.6102	137	  4	lasso	0.10227	 4.26e-14	 -0.40559	6.85e-01
./fusion_twas/WEIGHTS/LIV_LDL/PRAM1_500kb.wgt.RDat	PRAM1	19	 8554940	 8567996	0.0470	rs11669700	  2.17	rs3815783	 1.61e-02	  4.06	  0.4694	149	  4	lasso	0.02418	 2.13e-04	  0.65149	5.15e-01
./fusion_twas/WEIGHTS/LIV_LDL/CACTIN_500kb.wgt.RDat	CACTIN	19	 3610639	 3626813	0.0740	rs17674346	 -2.64	rs10401177	-1.27e-03	  3.28	  0.2182	139	139	prs	0.01014	 1.21e-02	  1.14689	2.51e-01
./fusion_twas/WEIGHTS/LIV_LDL/MAST3_500kb.wgt.RDat	MAST3	19	18208603	18262502	0.2487	rs1075403	  3.58	rs273506	 2.51e-01	-11.36	  0.9649	171	  5	lasso	0.24671	 4.33e-34	 -1.08055	2.80e-01
./fusion_twas/WEIGHTS/LIV_LDL/RP11-15H20.7_500kb.wgt.RDat	RP11-15H20.7	19	23440057	23457034	0.3613	rs11670477	  2.69	rs7254300	 3.39e-01	-13.27	  0.2642	 67	  2	lasso	0.38366	 7.70e-57	 -0.47071	6.38e-01
./fusion_twas/WEIGHTS/LIV_LDL/S1PR2_500kb.wgt.RDat	S1PR2	19	10334520	10341948	0.2999	rs8106664	-11.52	rs17000211	 1.28e-01	 -9.20	 -1.7391	134	 27	enet	0.25016	 1.31e-34	 -1.21633	2.24e-01
./fusion_twas/WEIGHTS/LIV_LDL/STXBP2_500kb.wgt.RDat	STXBP2	19	 7701767	 7712759	0.1075	rs10906990	  2.64	rs4134809	 9.67e-02	 -7.18	 -0.1071	160	  3	lasso	0.09317	 6.12e-13	  0.37980	7.04e-01
./fusion_twas/WEIGHTS/LIV_LDL/CTC-360G5.9_500kb.wgt.RDat	CTC-360G5.9	19	39425976	39429272	0.2911	rs7359950	  2.60	rs934421	 1.06e-01	  8.34	 -1.3333	141	 26	enet	0.24946	 1.67e-34	  0.59071	5.55e-01
./fusion_twas/WEIGHTS/LIV_LDL/LILRA5_500kb.wgt.RDat	LILRA5	19	54818353	54824409	0.1770	rs730592	  2.67	rs651279	 1.80e-01	 -9.64	 -0.0862	170	  2	lasso	0.17882	 2.81e-24	 -0.16176	8.71e-01
./fusion_twas/WEIGHTS/LIV_LDL/COLGALT1_500kb.wgt.RDat	COLGALT1	19	17666403	17693971	0.0539	rs13345062	  3.06	rs891184	 2.34e-02	 -4.57	 -0.5667	178	  1	lasso	0.02192	 4.04e-04	  0.56667	5.71e-01
./fusion_twas/WEIGHTS/LIV_LDL/EMC10_500kb.wgt.RDat	EMC10	19	50979657	50986608	0.0571	rs957738	 -3.02	rs3816551	 2.14e-02	  4.11	 -0.6000	185	  3	lasso	0.01557	 2.49e-03	 -0.01493	9.88e-01
./fusion_twas/WEIGHTS/LIV_LDL/ZFP30_500kb.wgt.RDat	ZFP30	19	38104650	38183238	0.2004	rs705503	  2.07	rs2927743	 2.34e-01	-11.00	 -0.4054	 95	  3	lasso	0.25148	 8.22e-35	  0.78297	4.34e-01
./fusion_twas/WEIGHTS/LIV_LDL/ZNF833P_500kb.wgt.RDat	ZNF833P	19	11750591	11797382	0.0648	rs4804147	 11.45	rs10426047	 6.80e-02	 -6.07	 -0.7846	127	  5	enet	0.05825	 1.41e-08	  0.59563	5.51e-01
./fusion_twas/WEIGHTS/LIV_LDL/LILRA2_500kb.wgt.RDat	LILRA2	19	55084387	55099027	0.2452	rs730592	  2.67	rs2555687	 2.64e-01	-11.65	 -0.5604	196	  2	lasso	0.25916	 5.56e-36	  0.55426	5.79e-01
./fusion_twas/WEIGHTS/LIV_LDL/ZNF429_500kb.wgt.RDat	ZNF429	19	21679484	21739072	0.1781	rs2195453	  2.48	rs1401926	 9.56e-02	  8.05	  0.4717	 86	  4	lasso	0.15878	 1.57e-21	  0.68139	4.96e-01
./fusion_twas/WEIGHTS/LIV_LDL/ZNF558_500kb.wgt.RDat	ZNF558	19	 8920380	 8943004	0.0682	rs4435373	  2.43	rs2910344	 6.62e-02	 -6.13	 -0.4167	150	  2	lasso	0.06282	 3.84e-09	  0.56200	5.74e-01
./fusion_twas/WEIGHTS/LIV_LDL/LIPE_500kb.wgt.RDat	LIPE	19	42905659	42931578	0.0382	rs8107107	 -2.49	rs1206028	 2.59e-02	  4.24	 -1.5532	 45	  3	lasso	0.02380	 2.37e-04	 -1.53623	1.24e-01
./fusion_twas/WEIGHTS/LIV_LDL/CYP4F2_500kb.wgt.RDat	CYP4F2	19	15988833	16008930	0.1967	rs2204000	 -2.51	rs2074901	 1.13e-01	  7.80	  0.3800	243	  6	lasso	0.12768	 2.20e-17	  0.19565	8.45e-01
./fusion_twas/WEIGHTS/LIV_LDL/CTB-5E10.3_500kb.wgt.RDat	CTB-5E10.3	19	13882932	13884932	0.2598	rs503084	  2.75	rs442573	 1.16e-01	 -7.82	  0.0909	110	 22	enet	0.20311	 1.08e-27	  0.25684	7.97e-01
./fusion_twas/WEIGHTS/LIV_LDL/C19orf47_500kb.wgt.RDat	C19orf47	19	40825443	40854434	0.0683	rs2279011	 -4.13	rs4490097	 4.10e-02	  4.84	  0.4717	117	117	prs	0.03254	 2.01e-05	  0.37274	7.09e-01
./fusion_twas/WEIGHTS/LIV_LDL/PIK3R2_500kb.wgt.RDat	PIK3R2	19	18263968	18288927	0.0864	rs1075403	  3.58	rs2384992	 1.56e-03	  3.77	 -0.9508	167	 15	enet	0.01729	 1.52e-03	  1.23378	2.17e-01
./fusion_twas/WEIGHTS/LIV_LDL/SIGLEC16_500kb.wgt.RDat	SIGLEC16	19	50472857	50479071	0.4136	rs957738	 -3.02	rs12984158	 5.32e-01	 16.51	 -0.5672	126	  3	lasso	0.53200	 5.33e-88	 -0.58005	5.62e-01
./fusion_twas/WEIGHTS/LIV_LDL/ZNF582-AS1_500kb.wgt.RDat	ZNF582-AS1	19	56905025	56910541	0.1193	rs2288856	  2.80	rs9636161	 8.01e-02	 -6.80	 -0.8421	244	 10	enet	0.07697	 6.70e-11	  0.20300	8.39e-01
./fusion_twas/WEIGHTS/LIV_LDL/GPX4_500kb.wgt.RDat	GPX4	19	 1103936	 1106787	0.2594	rs10853952	 -2.89	rs1046040	 2.61e-01	 11.74	 -2.1739	116	 16	enet	0.33402	 4.59e-48	 -1.48707	1.37e-01
./fusion_twas/WEIGHTS/LIV_LDL/SIGLEC11_500kb.wgt.RDat	SIGLEC11	19	50452242	50464429	0.2036	rs957738	 -3.02	rs17311679	 1.03e-01	 -7.44	  2.1650	127	 26	enet	0.17701	 5.00e-24	 -1.63817	1.01e-01
./fusion_twas/WEIGHTS/LIV_LDL/IL12RB1_500kb.wgt.RDat	IL12RB1	19	18169805	18209754	0.1387	rs1075403	  3.58	rs7246258	 1.31e-01	  0.00	  0.2081	173	  2	lasso	0.14017	 4.94e-19	  1.24256	2.14e-01
./fusion_twas/WEIGHTS/LIV_LDL/CTC-241F20.3_500kb.wgt.RDat	CTC-241F20.3	19	48758932	48761456	0.0846	rs516246	  7.46	rs16981882	 6.68e-02	 -6.22	  1.0294	203	 10	enet	0.04854	 2.20e-07	 -1.72404	8.47e-02
./fusion_twas/WEIGHTS/LIV_LDL/PGLS_500kb.wgt.RDat	PGLS	19	17622438	17632097	0.0674	rs13345062	  3.06	rs2045388	-8.90e-04	 -3.53	 -2.3667	169	169	blup	0.00941	 1.50e-02	 -0.72763	4.67e-01
./fusion_twas/WEIGHTS/LIV_LDL/DNAJB1_500kb.wgt.RDat	DNAJB1	19	14625582	14640582	0.0595	rs4808659	 -2.59	rs9305041	 4.57e-02	 -5.04	  0.5263	174	  3	lasso	0.04280	 1.11e-06	 -0.40488	6.86e-01
./fusion_twas/WEIGHTS/LIV_LDL/ZNF155_500kb.wgt.RDat	ZNF155	19	44472014	44502477	0.5215	rs926054	 -8.22	rs10421636	 1.61e-01	 -9.20	  1.3247	187	 50	enet	0.35088	 5.71e-51	  0.86587	3.87e-01
./fusion_twas/WEIGHTS/LIV_LDL/COL5A3_500kb.wgt.RDat	COL5A3	19	10070237	10121147	0.5995	rs2287802	  4.22	rs2287802	 4.18e-01	 14.66	  4.2195	128	  7	lasso	0.45985	 8.88e-72	  4.14908	3.34e-05
./fusion_twas/WEIGHTS/LIV_LDL/C19orf70_500kb.wgt.RDat	C19orf70	19	 5678432	 5680907	0.0510	rs10423624	 -2.65	rs7260385	 3.60e-02	 -4.87	  0.8952	147	147	prs	0.03296	 1.78e-05	 -0.30230	7.62e-01
./fusion_twas/WEIGHTS/LIV_LDL/AXL_500kb.wgt.RDat	AXL	19	41725108	41767671	0.0587	rs2279011	 -4.13	rs2304230	 3.79e-02	  4.61	 -0.1286	153	  3	lasso	0.03367	 1.46e-05	  0.69907	4.85e-01
./fusion_twas/WEIGHTS/LIV_LDL/ZNF584_500kb.wgt.RDat	ZNF584	19	58912871	58929694	0.2766	rs12462540	 -3.11	rs6510112	 2.03e-01	  0.00	  0.6167	115	 25	enet	0.20801	 2.14e-28	  0.01848	9.85e-01
./fusion_twas/WEIGHTS/LIV_LDL/ISOC2_500kb.wgt.RDat	ISOC2	19	55964352	55973710	0.1389	rs4801655	  2.77	rs2303088	 5.38e-02	 -5.37	 -1.2716	239	  6	lasso	0.09127	 1.07e-12	  1.39040	1.64e-01
./fusion_twas/WEIGHTS/LIV_LDL/EMR2_500kb.wgt.RDat	EMR2	19	14843205	14889353	0.2205	rs1044009	 -2.65	rs9305048	 1.71e-01	  9.53	 -0.1636	192	 15	enet	0.18107	 1.37e-24	  0.04610	9.63e-01
./fusion_twas/WEIGHTS/LIV_LDL/FAM32A_500kb.wgt.RDat	FAM32A	19	16296191	16302857	0.1086	rs2241400	  2.23	rs660247	 3.63e-02	  0.00	 -0.5926	179	  3	lasso	0.04073	 1.99e-06	  1.36596	1.72e-01
./fusion_twas/WEIGHTS/LIV_LDL/ZNF763_500kb.wgt.RDat	ZNF763	19	12035890	12090105	0.1536	rs279210	  2.47	rs279260	 1.21e-01	 -8.02	  0.7456	104	  3	lasso	0.12138	 1.46e-16	 -0.74622	4.56e-01
./fusion_twas/WEIGHTS/LIV_LDL/CNN2_500kb.wgt.RDat	CNN2	19	 1026298	 1039068	0.0800	rs10853952	 -2.89	rs10415976	 4.21e-03	  3.80	  2.4765	115	115	blup	0.01289	 5.41e-03	 -0.62759	5.30e-01
./fusion_twas/WEIGHTS/LIV_LDL/ZNF446_500kb.wgt.RDat	ZNF446	19	58985384	58992597	0.2246	rs12462540	 -3.11	rs7249794	 6.56e-02	  0.00	 -0.0506	102	 10	enet	0.16061	 8.88e-22	  0.94904	3.43e-01
./fusion_twas/WEIGHTS/LIV_LDL/MED16_500kb.wgt.RDat	MED16	19	  867962	  893218	0.4295	rs10853952	 -2.89	rs1651896	 1.73e-01	  9.48	  0.8485	128	  4	lasso	0.33161	 1.18e-47	  0.94462	3.45e-01
./fusion_twas/WEIGHTS/LIV_LDL/ZNF100_500kb.wgt.RDat	ZNF100	19	21905568	21950430	0.6036	rs2015481	  2.47	rs625775	 4.06e-01	  0.00	 -1.9219	 83	 10	enet	0.41318	 2.13e-62	  0.82640	4.09e-01
./fusion_twas/WEIGHTS/LIV_LDL/SH2D3A_500kb.wgt.RDat	SH2D3A	19	 6752171	 6767599	0.2638	rs168259	 -2.41	rs1054060	 1.80e-01	 -9.83	 -1.1429	202	  2	lasso	0.17953	 2.24e-24	  1.15272	2.49e-01
./fusion_twas/WEIGHTS/LIV_LDL/FCGBP_500kb.wgt.RDat	FCGBP	19	40353963	40440533	0.1166	rs10424351	  3.87	rs36264	 6.98e-02	  0.00	  0.7442	133	 14	enet	0.13124	 7.47e-18	 -0.75540	4.50e-01
./fusion_twas/WEIGHTS/LIV_LDL/UBA52_500kb.wgt.RDat	UBA52	19	18682540	18688360	0.0452	rs1075403	  3.58	rs7258589	 1.96e-02	  4.53	 -0.0645	120	  8	enet	0.02347	 2.60e-04	  0.60949	5.42e-01
./fusion_twas/WEIGHTS/LIV_LDL/ZNF8_500kb.wgt.RDat	ZNF8	19	58790318	58807254	0.0622	rs12462540	 -3.11	rs547045	 6.69e-02	 -6.32	  1.4915	126	  2	enet	0.05603	 2.64e-08	 -1.56180	1.18e-01
./fusion_twas/WEIGHTS/LIV_LDL/OSCAR_500kb.wgt.RDat	OSCAR	19	54597933	54606000	0.1465	rs730592	  2.67	rs12985735	 6.33e-02	 -6.94	  0.9123	171	 10	enet	0.11691	 5.55e-16	 -0.35282	7.24e-01
./fusion_twas/WEIGHTS/LIV_LDL/PEPD_500kb.wgt.RDat	PEPD	19	33877856	34012700	0.0868	rs1423056	 -2.95	rs3556	 3.80e-02	  5.93	  0.2333	239	 12	enet	0.08862	 2.30e-12	 -0.40247	6.87e-01
./fusion_twas/WEIGHTS/LIV_LDL/CTD-3018O17.3_500kb.wgt.RDat	CTD-3018O17.3	19	52892095	52901019	0.0843	rs9973239	 -3.52	rs324119	 5.12e-02	  5.27	  0.4222	181	  2	lasso	0.04708	 3.32e-07	  0.37322	7.09e-01
./fusion_twas/WEIGHTS/LIV_LDL/COX7A1_500kb.wgt.RDat	COX7A1	19	36641824	36643771	0.0824	rs12460721	  2.41	rs7254601	 1.98e-02	  0.00	  0.8730	121	 16	enet	0.03685	 5.95e-06	 -0.85349	3.93e-01
./fusion_twas/WEIGHTS/LIV_LDL/TMEM161A_500kb.wgt.RDat	TMEM161A	19	19229978	19249322	0.1665	rs10500212	-13.66	rs4808925	 9.26e-02	 -7.05	 -0.8049	112	  5	enet	0.10229	 4.23e-14	  0.89398	3.71e-01
./fusion_twas/WEIGHTS/LIV_LDL/ZFP28_500kb.wgt.RDat	ZFP28	19	57050317	57068169	0.1264	rs2288856	  2.80	rs3813141	 7.35e-02	  6.33	 -1.3051	232	  4	lasso	0.08313	 1.13e-11	 -2.07984	3.75e-02
./fusion_twas/WEIGHTS/LIV_LDL/SHC2_500kb.wgt.RDat	SHC2	19	  416583	  460996	0.4524	rs12976695	  2.84	rs4919890	 2.69e-01	-11.86	  0.1013	101	 44	enet	0.30391	 4.74e-43	  0.18540	8.53e-01
./fusion_twas/WEIGHTS/LIV_LDL/HAUS8_500kb.wgt.RDat	HAUS8	19	17160539	17186435	0.0892	rs13345062	  3.06	rs1979261	 4.43e-02	 -6.33	 -0.6538	156	  4	lasso	0.08129	 1.93e-11	  0.20667	8.36e-01
./fusion_twas/WEIGHTS/LIV_LDL/TPM3P9_500kb.wgt.RDat	TPM3P9	19	53935237	53947923	0.2142	rs3960965	  2.55	rs7246687	 5.14e-02	  6.08	  2.1111	189	 27	enet	0.13093	 8.22e-18	  1.28352	1.99e-01
./fusion_twas/WEIGHTS/LIV_LDL/GCDH_500kb.wgt.RDat	GCDH	19	13001840	13025021	0.2933	rs7259253	  3.78	rs17706531	 2.85e-01	-12.39	  0.4386	111	  5	lasso	0.31088	 3.43e-44	 -0.10203	9.19e-01
./fusion_twas/WEIGHTS/LIV_LDL/ZNF132_500kb.wgt.RDat	ZNF132	19	58944181	58951589	0.1895	rs12462540	 -3.11	rs10423138	 1.28e-01	 -8.83	  0.2069	110	 12	enet	0.18606	 2.76e-25	 -0.18196	8.56e-01
./fusion_twas/WEIGHTS/LIV_LDL/ANKRD24_500kb.wgt.RDat	ANKRD24	19	 4183351	 4224811	0.1295	rs892161	  3.26	rs4807546	 5.44e-02	  6.09	  0.6875	152	152	blup	0.07883	 3.91e-11	  1.29441	1.96e-01
./fusion_twas/WEIGHTS/LIV_LDL/IGSF23_500kb.wgt.RDat	IGSF23	19	45116940	45140081	0.2893	rs1531517	-27.52	rs865864	 1.60e-01	-10.00	  0.1091	174	 10	enet	0.28257	 1.26e-39	 -2.61232	8.99e-03
./fusion_twas/WEIGHTS/LIV_LDL/BCL3_500kb.wgt.RDat	BCL3	19	45250962	45263301	0.0634	rs1531517	-27.52	rs2571104	-1.74e-03	 -3.42	  1.4259	163	163	prs	0.02253	 3.40e-04	 -4.16706	3.09e-05
./fusion_twas/WEIGHTS/LIV_LDL/NUDT19_500kb.wgt.RDat	NUDT19	19	33182867	33204702	0.2528	rs889104	 -2.64	rs3892630	 2.95e-01	-12.44	 -2.3108	142	  5	enet	0.30015	 1.93e-42	  1.60412	1.09e-01
./fusion_twas/WEIGHTS/LIV_LDL/HDGFRP2_500kb.wgt.RDat	HDGFRP2	19	 4472284	 4502223	0.0789	rs2251519	 -3.45	rs892161	 8.40e-02	  6.71	  3.2564	158	  5	enet	0.09518	 3.40e-13	  3.47362	5.13e-04
./fusion_twas/WEIGHTS/LIV_LDL/ZNF177_500kb.wgt.RDat	ZNF177	19	 9435021	 9493293	0.0505	rs4435373	  2.43	rs2241356	 7.39e-02	  6.64	  0.3019	136	136	prs	0.07927	 3.45e-11	 -0.20093	8.41e-01
./fusion_twas/WEIGHTS/LIV_LDL/AES_500kb.wgt.RDat	AES	19	 3052908	 3063105	0.1506	rs12973643	 -2.89	rs7938	 7.65e-02	 -6.46	 -0.1111	140	  3	lasso	0.09582	 2.83e-13	  0.28644	7.75e-01
./fusion_twas/WEIGHTS/LIV_LDL/MARK4_500kb.wgt.RDat	MARK4	19	45582546	45808541	0.1386	rs1531517	-27.52	rs2306660	 6.11e-02	 -6.11	 -1.3390	160	  3	lasso	0.05554	 3.04e-08	  0.96843	3.33e-01
./fusion_twas/WEIGHTS/LIV_LDL/HAPLN4_500kb.wgt.RDat	HAPLN4	19	19366450	19373605	0.0483	rs10500212	-13.66	rs2905421	 5.40e-02	  5.58	 -6.7000	127	127	prs	0.05755	 1.72e-08	 -4.33669	1.45e-05
./fusion_twas/WEIGHTS/LIV_LDL/ADCK4_500kb.wgt.RDat	ADCK4	19	41197434	41224112	0.0520	rs2279011	 -4.13	rs892117	 3.50e-02	  0.00	 -0.3962	139	  3	enet	0.03720	 5.40e-06	 -0.84396	3.99e-01
./fusion_twas/WEIGHTS/LIV_LDL/CERS4_500kb.wgt.RDat	CERS4	19	 8271620	 8327305	0.1491	rs10906990	  2.64	rs1466448	 3.99e-02	 -5.97	  0.8205	167	  4	lasso	0.08051	 2.41e-11	 -0.93285	3.51e-01
./fusion_twas/WEIGHTS/LIV_LDL/CD22_500kb.wgt.RDat	CD22	19	35810164	35838258	0.5211	rs1633921	 -3.62	rs11669734	 5.44e-01	 16.67	  1.4375	211	  6	lasso	0.54884	 3.83e-92	  1.51563	1.30e-01
./fusion_twas/WEIGHTS/LIV_LDL/ZNF317_500kb.wgt.RDat	ZNF317	19	 9251056	 9274100	0.0841	rs4435373	  2.43	rs13345998	 3.91e-02	 -5.39	  0.8481	144	 14	enet	0.05448	 4.10e-08	 -0.95687	3.39e-01
./fusion_twas/WEIGHTS/LIV_LDL/SLC7A9_500kb.wgt.RDat	SLC7A9	19	33321415	33360672	0.3139	rs1423056	 -2.95	rs2287881	 3.05e-01	 12.75	 -0.8913	155	 12	enet	0.42678	 4.72e-65	 -1.94571	5.17e-02
./fusion_twas/WEIGHTS/LIV_LDL/ZNF530_500kb.wgt.RDat	ZNF530	19	58111253	58124090	0.0317	rs726260	  2.83	rs1035522	 5.07e-03	 -3.56	  0.0164	191	191	prs	0.02238	 3.55e-04	  0.41245	6.80e-01
./fusion_twas/WEIGHTS/LIV_LDL/LILRA1_500kb.wgt.RDat	LILRA1	19	55105047	55113555	0.1096	rs730592	  2.67	rs8101605	 9.24e-02	 -7.28	 -1.6286	195	  3	lasso	0.10882	 6.16e-15	  1.17179	2.41e-01
./fusion_twas/WEIGHTS/LIV_LDL/ZNF528_500kb.wgt.RDat	ZNF528	19	52901102	52921665	0.4262	rs9973239	 -3.52	rs2290745	 3.71e-01	-13.85	  1.2576	181	 14	enet	0.38889	 8.34e-58	 -1.27426	2.03e-01
./fusion_twas/WEIGHTS/LIV_LDL/ZNF324_500kb.wgt.RDat	ZNF324	19	58978423	58984945	0.2922	rs12462540	 -3.11	rs4801275	 1.04e-01	  7.92	  1.1184	105	  8	enet	0.17408	 1.27e-23	  1.01819	3.09e-01
./fusion_twas/WEIGHTS/LIV_LDL/PLA2G4C_500kb.wgt.RDat	PLA2G4C	19	48551100	48614074	0.2984	rs1236093	  2.96	rs2341000	 1.47e-01	  0.00	  0.0161	207	  3	lasso	0.21715	 1.03e-29	 -0.86506	3.87e-01
./fusion_twas/WEIGHTS/LIV_LDL/TYK2_500kb.wgt.RDat	TYK2	19	10461209	10491352	0.0621	rs2278444	-12.80	rs6511698	 3.16e-02	  4.52	 -0.6727	137	137	prs	0.02975	 4.40e-05	 -4.04688	5.19e-05
./fusion_twas/WEIGHTS/LIV_LDL/FCHO1_500kb.wgt.RDat	FCHO1	19	17858527	17899377	0.1837	rs1075403	  3.58	rs3761055	 1.29e-01	 -8.20	  1.1111	182	  4	lasso	0.14759	 5.05e-20	 -1.49619	1.35e-01
./fusion_twas/WEIGHTS/LIV_LDL/CEP89_500kb.wgt.RDat	CEP89	19	33369902	33462897	0.0955	rs1423056	 -2.95	rs2278404	 6.07e-02	  5.96	  1.8000	176	  8	enet	0.07150	 3.22e-10	  1.92373	5.44e-02
./fusion_twas/WEIGHTS/LIV_LDL/MEF2BNB_500kb.wgt.RDat	MEF2BNB	19	19287712	19303400	0.0821	rs10500212	-13.66	rs1050544	 5.15e-02	 -6.32	  2.3962	110	  3	lasso	0.06308	 3.57e-09	 -1.23530	2.17e-01
./fusion_twas/WEIGHTS/LIV_LDL/LRP3_500kb.wgt.RDat	LRP3	19	33668509	33698694	0.0923	rs1423056	 -2.95	rs10423969	 3.54e-02	  5.72	  0.8667	193	  9	enet	0.05913	 1.10e-08	  0.94292	3.46e-01
./fusion_twas/WEIGHTS/LIV_LDL/PHLDB3_500kb.wgt.RDat	PHLDB3	19	43979106	44009087	0.1509	rs11669713	  3.29	rs7248167	 5.18e-02	 -6.20	  0.7941	137	 30	enet	0.10418	 2.42e-14	  0.82986	4.07e-01
./fusion_twas/WEIGHTS/LIV_LDL/CYP4F11_500kb.wgt.RDat	CYP4F11	19	16023177	16045677	0.3585	rs2204000	 -2.51	rs3786853	 2.27e-01	  0.00	 -1.2667	243	  5	lasso	0.28705	 2.45e-40	 -0.99954	3.18e-01
./fusion_twas/WEIGHTS/LIV_LDL/ZNF780A_500kb.wgt.RDat	ZNF780A	19	40575059	40596845	0.1049	rs10424351	  3.87	rs337799	 8.37e-02	  7.39	 -1.5056	116	 10	enet	0.13893	 7.20e-19	 -1.69345	9.04e-02
./fusion_twas/WEIGHTS/LIV_LDL/ZNF600_500kb.wgt.RDat	ZNF600	19	53267448	53290044	0.3516	rs3960965	  2.55	rs12973596	 2.81e-01	-12.03	  0.1975	183	  5	lasso	0.27610	 1.31e-38	 -0.22226	8.24e-01
./fusion_twas/WEIGHTS/LIV_LDL/ZNF792_500kb.wgt.RDat	ZNF792	19	35447258	35454953	0.1010	rs1633921	 -3.62	rs6510419	 8.21e-02	  0.00	  1.0127	192	 18	enet	0.10126	 5.74e-14	 -0.67113	5.02e-01
./fusion_twas/WEIGHTS/LIV_LDL/PLD3_500kb.wgt.RDat	PLD3	19	40854363	40886346	0.0894	rs2279011	 -4.13	rs4490097	 7.75e-03	  3.73	  0.4717	109	 28	enet	0.03724	 5.34e-06	  0.93669	3.49e-01
./fusion_twas/WEIGHTS/LIV_LDL/ICAM3_500kb.wgt.RDat	ICAM3	19	10444452	10450499	0.4307	rs2278444	-12.80	rs7257871	 4.22e-01	-14.76	 -0.0462	134	 15	enet	0.46236	 2.64e-72	 -0.88336	3.77e-01
./fusion_twas/WEIGHTS/LIV_LDL/CTD-2337J16.1_500kb.wgt.RDat	CTD-2337J16.1	19	54753289	54753907	0.0977	rs730592	  2.67	rs422948	 3.04e-02	 -5.28	 -0.5532	182	  2	lasso	0.06085	 6.73e-09	  0.48147	6.30e-01
./fusion_twas/WEIGHTS/LIV_LDL/XRCC1_500kb.wgt.RDat	XRCC1	19	44047192	44084625	0.2059	rs11669713	  3.29	rs3213263	 2.40e-01	 11.14	 -1.6604	147	  3	lasso	0.24609	 5.39e-34	 -1.95135	5.10e-02
./fusion_twas/WEIGHTS/LIV_LDL/ARHGAP33_500kb.wgt.RDat	ARHGAP33	19	36265434	36279724	0.1341	rs2733744	 -2.83	rs807491	 1.55e-01	 -9.10	 -0.6667	187	  4	lasso	0.14165	 3.14e-19	  0.80449	4.21e-01
./fusion_twas/WEIGHTS/LIV_LDL/ZNF529_500kb.wgt.RDat	ZNF529	19	37025676	37096178	0.2200	rs2857	  2.21	rs7259256	 2.28e-01	-10.93	 -0.3889	 95	 20	enet	0.24011	 4.25e-33	  0.70790	4.79e-01
./fusion_twas/WEIGHTS/LIV_LDL/CLEC4G_500kb.wgt.RDat	CLEC4G	19	 7793843	 7798792	0.0523	rs10906990	  2.64	rs11668398	 1.11e-02	  4.27	  0.1587	154	  2	lasso	0.02279	 3.16e-04	 -0.40518	6.85e-01
./fusion_twas/WEIGHTS/LIV_LDL/LGI4_500kb.wgt.RDat	LGI4	19	35615417	35633355	0.2304	rs1633921	 -3.62	rs1688017	 1.95e-01	 10.17	  0.5357	212	  2	lasso	0.19189	 4.19e-26	  0.53565	5.92e-01
./fusion_twas/WEIGHTS/LIV_LDL/ABCA7_500kb.wgt.RDat	ABCA7	19	 1040102	 1065571	0.1342	rs10853952	 -2.89	rs6843	 4.53e-02	  5.76	  1.7179	117	 19	enet	0.07718	 6.30e-11	  0.73736	4.61e-01
./fusion_twas/WEIGHTS/LIV_LDL/PGPEP1_500kb.wgt.RDat	PGPEP1	19	18451397	18480760	0.0862	rs1075403	  3.58	rs12985909	 4.95e-02	  5.25	 -1.7895	145	  2	lasso	0.04380	 8.39e-07	 -1.70528	8.81e-02
./fusion_twas/WEIGHTS/LIV_LDL/PPP6R1_500kb.wgt.RDat	PPP6R1	19	55741148	55770363	0.0669	rs4801655	  2.77	rs3786544	 1.31e-02	  4.68	 -0.2344	178	  3	lasso	0.03253	 2.01e-05	  0.38314	7.02e-01
./fusion_twas/WEIGHTS/LIV_LDL/ZNF575_500kb.wgt.RDat	ZNF575	19	44029649	44040282	0.1240	rs11669713	  3.29	rs2854496	 1.35e-01	  8.48	 -1.9545	144	  3	lasso	0.13402	 3.21e-18	 -2.03602	4.17e-02
./fusion_twas/WEIGHTS/LIV_LDL/FDX1L_500kb.wgt.RDat	FDX1L	19	10416103	10426691	0.1932	rs2278444	-12.80	rs7246760	 1.05e-01	  0.00	 -0.1667	135	  8	lasso	0.11583	 7.68e-16	 -2.86242	4.20e-03
./fusion_twas/WEIGHTS/LIV_LDL/ZNF175_500kb.wgt.RDat	ZNF175	19	52074551	52092991	0.1255	rs9973239	 -3.52	rs7245838	 1.39e-01	 -8.65	  0.1864	255	  4	lasso	0.13084	 8.43e-18	 -0.17711	8.59e-01
./fusion_twas/WEIGHTS/LIV_LDL/PLEKHJ1_500kb.wgt.RDat	PLEKHJ1	19	 2230002	 2237703	0.0556	rs2864419	 -2.44	rs3810409	 2.81e-02	  4.22	 -1.4435	128	  3	lasso	0.03146	 2.72e-05	 -1.05850	2.90e-01
./fusion_twas/WEIGHTS/LIV_LDL/CTC-301O7.4_500kb.wgt.RDat	CTC-301O7.4	19	49834874	49843865	0.0629	rs7028	  2.89	rs11671438	 6.82e-02	  6.09	 -1.2187	107	  1	lasso	0.06557	 1.75e-09	 -1.21875	2.23e-01
./fusion_twas/WEIGHTS/LIV_LDL/VSIG10L_500kb.wgt.RDat	VSIG10L	19	51834790	51845378	0.3954	rs7250773	 -3.07	rs12985380	 3.29e-01	 13.01	 -1.7887	294	  7	lasso	0.34582	 4.33e-50	 -1.56354	1.18e-01
./fusion_twas/WEIGHTS/LIV_LDL/TMC4_500kb.wgt.RDat	TMC4	19	54663846	54676944	0.1527	rs730592	  2.67	rs641738	 1.08e-01	 -7.49	  0.1475	174	 22	enet	0.13476	 2.57e-18	  0.19402	8.46e-01
./fusion_twas/WEIGHTS/LIV_LDL/CYP2A7_500kb.wgt.RDat	CYP2A7	19	41381344	41388657	0.2767	rs2279011	 -4.13	rs3852872	 1.79e-01	  9.64	 -0.5833	148	 25	enet	0.19470	 1.68e-26	 -1.21116	2.26e-01
./fusion_twas/WEIGHTS/LIV_LDL/ZNF682_500kb.wgt.RDat	ZNF682	19	20107867	20150315	0.1807	rs10500212	-13.66	rs2286923	 2.58e-01	 11.67	 -1.7500	 88	 88	prs	0.27457	 2.29e-38	 -3.16345	1.56e-03
./fusion_twas/WEIGHTS/LIV_LDL/DHX34_500kb.wgt.RDat	DHX34	19	47852538	47885961	0.0524	rs2974240	  3.10	rs8112962	 3.54e-02	  4.50	 -0.0177	128	  5	enet	0.02290	 3.06e-04	 -0.76139	4.46e-01
./fusion_twas/WEIGHTS/LIV_LDL/CFD_500kb.wgt.RDat	CFD	19	  859453	  863453	0.1726	rs10853952	 -2.89	rs689448	 8.44e-02	  0.00	  1.3881	124	 20	enet	0.15875	 1.59e-21	 -1.02080	3.07e-01
./fusion_twas/WEIGHTS/LIV_LDL/SHD_500kb.wgt.RDat	SHD	19	 4278598	 4290721	0.2247	rs892161	  3.26	rs4807563	 2.12e-01	 10.48	 -0.7797	154	  2	lasso	0.21176	 6.18e-29	 -0.77222	4.40e-01
./fusion_twas/WEIGHTS/LIV_LDL/TIMM44_500kb.wgt.RDat	TIMM44	19	 7991603	 8008805	0.0735	rs10906990	  2.64	rs11542189	 1.51e-02	  5.46	  0.1560	174	  2	lasso	0.04719	 3.23e-07	  1.21242	2.25e-01
./fusion_twas/WEIGHTS/LIV_LDL/PRPF31_500kb.wgt.RDat	PRPF31	19	54618837	54635140	0.2232	rs730592	  2.67	rs12983611	 1.00e-01	  0.00	 -0.7836	171	 12	enet	0.19475	 1.65e-26	 -0.58847	5.56e-01
./fusion_twas/WEIGHTS/LIV_LDL/ZNF470_500kb.wgt.RDat	ZNF470	19	57078880	57100279	0.2432	rs2288856	  2.80	rs145011	 3.10e-01	-12.65	  2.4310	241	  3	lasso	0.30880	 7.52e-44	 -2.37932	1.73e-02
./fusion_twas/WEIGHTS/LIV_LDL/GIPC3_500kb.wgt.RDat	GIPC3	19	 3585551	 3593539	0.1642	rs17674346	 -2.64	rs8113232	 1.51e-01	 -9.03	 -0.3878	137	  3	lasso	0.14475	 1.21e-19	  0.12649	8.99e-01
./fusion_twas/WEIGHTS/LIV_LDL/REXO1_500kb.wgt.RDat	REXO1	19	 1815248	 1848452	0.0749	rs2864419	 -2.44	rs732310	 3.65e-02	  5.99	  1.1429	117	  7	enet	0.06572	 1.68e-09	  0.68760	4.92e-01
./fusion_twas/WEIGHTS/LIV_LDL/ZNF329_500kb.wgt.RDat	ZNF329	19	58637619	58666477	0.2682	rs12462540	 -3.11	rs12462540	 9.75e-02	 -8.17	 -3.1143	156	 22	enet	0.14812	 4.30e-20	  3.26970	1.08e-03
./fusion_twas/WEIGHTS/LIV_LDL/SCN1B_500kb.wgt.RDat	SCN1B	19	35521588	35531352	0.0903	rs1633921	 -3.62	rs295771	-1.12e-03	 -3.62	 -0.1111	205	205	prs	0.00807	 2.25e-02	  1.43677	1.51e-01
./fusion_twas/WEIGHTS/LIV_LDL/LSM7_500kb.wgt.RDat	LSM7	19	 2321516	 2328619	0.0780	rs12973643	 -2.89	rs757322	 3.60e-02	 -5.14	 -2.2807	132	  4	lasso	0.04568	 4.94e-07	  1.87052	6.14e-02
./fusion_twas/WEIGHTS/LIV_LDL/LGALS4_500kb.wgt.RDat	LGALS4	19	39292311	39304004	0.2207	rs7359950	  2.60	rs2891602	 7.65e-02	  0.00	 -0.5446	134	 10	enet	0.19081	 5.95e-26	  0.88696	3.75e-01
./fusion_twas/WEIGHTS/LIV_LDL/SEPW1_500kb.wgt.RDat	SEPW1	19	48281829	48287943	0.1589	rs2974240	  3.10	rs3786777	 9.69e-02	  7.61	  0.7838	180	 14	enet	0.13087	 8.36e-18	  0.49374	6.21e-01
./fusion_twas/WEIGHTS/LIV_LDL/ZNF649_500kb.wgt.RDat	ZNF649	19	52392477	52408293	0.0423	rs9973239	 -3.52	rs321961	 1.30e-02	  4.55	  1.0339	267	 11	enet	0.02255	 3.38e-04	  2.78644	5.33e-03
./fusion_twas/WEIGHTS/LIV_LDL/ZNF211_500kb.wgt.RDat	ZNF211	19	58141761	58154147	0.2706	rs12462540	 -3.11	rs3746218	 2.86e-01	 12.24	  1.7973	197	  4	lasso	0.28216	 1.46e-39	  1.76940	7.68e-02
./fusion_twas/WEIGHTS/LIV_LDL/ZNF709_500kb.wgt.RDat	ZNF709	19	12572373	12662288	0.0686	rs4926298	 -3.14	rs3859517	 7.38e-02	  6.32	  0.0755	 96	  3	lasso	0.06950	 5.70e-10	  0.17111	8.64e-01
./fusion_twas/WEIGHTS/LIV_LDL/ZNF468_500kb.wgt.RDat	ZNF468	19	53341261	53360902	0.2501	rs3960965	  2.55	rs6509632	 1.05e-01	  0.00	  2.1505	184	 33	enet	0.19319	 2.75e-26	  2.64458	8.18e-03
./fusion_twas/WEIGHTS/LIV_LDL/CTD-2017D11.1_500kb.wgt.RDat	CTD-2017D11.1	19	24216247	24249711	0.3896	rs11672619	  2.34	rs888315	 4.22e-01	 14.87	  1.4265	 56	  9	enet	0.43272	 3.13e-66	  0.71695	4.73e-01
./fusion_twas/WEIGHTS/LIV_LDL/LINC00665_500kb.wgt.RDat	LINC00665	19	36803969	36822620	0.1164	rs12460721	  2.41	rs17206379	 8.16e-02	 -6.59	  0.4462	105	105	blup	0.07700	 6.63e-11	 -1.30858	1.91e-01
./fusion_twas/WEIGHTS/LIV_LDL/TIMM13_500kb.wgt.RDat	TIMM13	19	 2425622	 2427892	0.0873	rs12973643	 -2.89	rs10407225	 7.17e-02	 -6.62	 -0.1935	143	  1	lasso	0.06083	 6.77e-09	  0.19355	8.47e-01
./fusion_twas/WEIGHTS/LIV_LDL/SIGLEC14_500kb.wgt.RDat	SIGLEC14	19	52145806	52150054	0.5496	rs9973239	 -3.52	rs7250849	 4.08e-01	-14.47	  2.4677	244	  6	lasso	0.45130	 5.31e-70	 -2.60480	9.19e-03
./fusion_twas/WEIGHTS/LIV_LDL/STRN4_500kb.wgt.RDat	STRN4	19	47222764	47250251	0.0592	rs4802307	 -4.24	rs314672	 4.66e-02	 -5.11	 -0.6140	139	  2	lasso	0.04348	 9.19e-07	 -0.32193	7.48e-01
./fusion_twas/WEIGHTS/LIV_LDL/BCAT2_500kb.wgt.RDat	BCAT2	19	49298319	49314286	0.0942	rs516246	  7.46	rs837642	 5.99e-02	 -5.77	  0.6712	165	  5	lasso	0.06815	 8.39e-10	 -0.12336	9.02e-01
./fusion_twas/WEIGHTS/LIV_LDL/CEACAM21_500kb.wgt.RDat	CEACAM21	19	42055886	42093197	0.3901	rs2241718	  3.48	rs7254075	 3.19e-01	  0.00	  1.8358	116	  2	lasso	0.35664	 5.57e-52	  0.53785	5.91e-01
./fusion_twas/WEIGHTS/LIV_LDL/PALM3_500kb.wgt.RDat	PALM3	19	14164177	14169971	0.2243	rs503084	  2.75	rs2306190	 1.04e-01	 -7.39	 -1.9024	 95	 26	enet	0.11662	 6.06e-16	  2.65318	7.97e-03
./fusion_twas/WEIGHTS/LIV_LDL/TRPM4_500kb.wgt.RDat	TRPM4	19	49660998	49715093	0.0883	rs516246	  7.46	rs2387769	 4.21e-02	 -4.77	  0.4368	125	  5	lasso	0.04348	 9.19e-07	  1.04450	2.96e-01
./fusion_twas/WEIGHTS/LIV_LDL/ZNF737_500kb.wgt.RDat	ZNF737	19	20718631	20748615	0.0912	rs7253306	  2.76	rs836896	 6.65e-02	  0.00	  0.7794	 61	  4	lasso	0.08801	 2.76e-12	 -0.81855	4.13e-01
./fusion_twas/WEIGHTS/LIV_LDL/ZNF506_500kb.wgt.RDat	ZNF506	19	19896648	19932560	0.2919	rs10500212	-13.66	rs248943	 2.03e-01	 10.35	 -1.3774	 99	 32	enet	0.25400	 3.41e-35	 -3.16544	1.55e-03
./fusion_twas/WEIGHTS/LIV_LDL/SPHK2_500kb.wgt.RDat	SPHK2	19	49122548	49133974	0.0994	rs516246	  7.46	rs433852	 7.50e-02	  6.30	 -2.0390	176	  3	lasso	0.07195	 2.83e-10	 -1.77012	7.67e-02
./fusion_twas/WEIGHTS/LIV_LDL/SMG9_500kb.wgt.RDat	SMG9	19	44235301	44259142	0.0547	rs16978840	 -3.30	rs346545	 9.84e-03	  4.36	 -1.2698	166	166	prs	0.02678	 1.02e-04	  0.10726	9.15e-01
./fusion_twas/WEIGHTS/LIV_LDL/EID2_500kb.wgt.RDat	EID2	19	40028890	40030870	0.0597	rs10424351	  3.87	rs3212276	 1.53e-02	  4.17	  1.0351	153	 23	enet	0.02182	 4.17e-04	 -1.27234	2.03e-01
./fusion_twas/WEIGHTS/LIV_LDL/CTB-171A8.1_500kb.wgt.RDat	CTB-171A8.1	19	45135500	45222031	0.1455	rs1531517	-27.52	rs4802234	 2.06e-02	  4.89	  1.3934	178	  6	lasso	0.06458	 2.33e-09	  1.28793	1.98e-01
./fusion_twas/WEIGHTS/LIV_LDL/MZF1_500kb.wgt.RDat	MZF1	19	59073298	59084942	0.1319	rs12462540	 -3.11	rs3794964	 1.12e-01	 -7.66	  1.3636	 85	 10	enet	0.11658	 6.13e-16	 -1.03500	3.01e-01
./fusion_twas/WEIGHTS/LIV_LDL/ERCC1_500kb.wgt.RDat	ERCC1	19	45910591	45982086	0.0838	rs3745157	 -9.79	rs735482	 7.14e-02	 -6.29	 -0.6494	148	  2	lasso	0.06739	 1.04e-09	  0.54623	5.85e-01
./fusion_twas/WEIGHTS/LIV_LDL/ATP5SL_500kb.wgt.RDat	ATP5SL	19	41937223	41946622	0.1300	rs2241718	  3.48	rs284663	 1.52e-01	 -9.06	 -1.7778	133	 14	enet	0.15279	 1.01e-20	  1.66932	9.51e-02
./fusion_twas/WEIGHTS/LIV_LDL/ZNF880_500kb.wgt.RDat	ZNF880	19	52873170	52889048	0.4811	rs9973239	 -3.52	rs3170100	 3.95e-01	 14.47	  0.0000	190	  3	lasso	0.42525	 9.45e-65	 -0.27070	7.87e-01
./fusion_twas/WEIGHTS/LIV_LDL/PVRL2_500kb.wgt.RDat	PVRL2	19	45349432	45392485	0.3871	rs1531517	-27.52	rs2722735	 3.39e-01	  0.00	 -3.5143	163	 28	enet	0.34792	 1.87e-50	  8.51510	1.66e-17
./fusion_twas/WEIGHTS/LIV_LDL/ZNF565_500kb.wgt.RDat	ZNF565	19	36673188	36737159	0.0636	rs12460721	  2.41	rs2972527	 7.75e-02	 -6.70	 -1.1346	122	  3	lasso	0.08310	 1.14e-11	  1.32794	1.84e-01
./fusion_twas/WEIGHTS/LIV_LDL/ZNF566_500kb.wgt.RDat	ZNF566	19	36936021	36980804	0.0998	rs12460721	  2.41	rs2945988	 4.48e-02	  5.72	  0.9630	107	 16	enet	0.07843	 4.40e-11	  0.24661	8.05e-01
./fusion_twas/WEIGHTS/LIV_LDL/MUM1_500kb.wgt.RDat	MUM1	19	 1285890	 1378430	0.1638	rs10853952	 -2.89	rs2668423	 1.24e-01	  8.19	 -1.0333	115	115	blup	0.14203	 2.79e-19	 -0.38785	6.98e-01
./fusion_twas/WEIGHTS/LIV_LDL/SIGLEC5_500kb.wgt.RDat	SIGLEC5	19	52115344	52150142	0.3444	rs9973239	 -3.52	rs7250849	 1.70e-01	  9.38	  2.4677	247	 55	enet	0.21419	 2.75e-29	  0.62442	5.32e-01
./fusion_twas/WEIGHTS/LIV_LDL/CLPP_500kb.wgt.RDat	CLPP	19	 6361463	 6368919	0.0844	rs168259	 -2.41	rs8106856	 7.11e-03	 -3.59	  0.3289	164	164	prs	0.01529	 2.70e-03	 -0.21289	8.31e-01
./fusion_twas/WEIGHTS/LIV_LDL/AP1M1_500kb.wgt.RDat	AP1M1	19	16308389	16346160	0.3644	rs2241400	  2.23	rs624512	 1.54e-01	  0.00	 -0.5500	166	  5	lasso	0.31675	 3.67e-45	 -1.31455	1.89e-01
./fusion_twas/WEIGHTS/LIV_LDL/ZNF419_500kb.wgt.RDat	ZNF419	19	57999079	58006048	0.1549	rs726260	  2.83	rs2074075	 1.49e-01	  8.84	  2.0702	202	 13	lasso	0.15967	 1.19e-21	  1.90754	5.65e-02
./fusion_twas/WEIGHTS/LIV_LDL/MRPL54_500kb.wgt.RDat	MRPL54	19	 3762662	 3768573	0.2282	rs17674346	 -2.64	rs13960	 2.00e-01	-10.18	 -1.3276	134	  1	lasso	0.19652	 9.30e-27	  1.32759	1.84e-01
./fusion_twas/WEIGHTS/LIV_LDL/HRC_500kb.wgt.RDat	HRC	19	49654455	49658681	0.0898	rs516246	  7.46	rs3745300	 7.79e-02	  6.40	  1.4828	121	  3	lasso	0.07523	 1.11e-10	  1.31375	1.89e-01
./fusion_twas/WEIGHTS/LIV_LDL/KMT2B_500kb.wgt.RDat	KMT2B	19	36208921	36229779	0.0742	rs2733744	 -2.83	rs107068	 5.84e-02	  5.67	 -0.3077	197	197	prs	0.05380	 4.97e-08	 -0.38348	7.01e-01
./fusion_twas/WEIGHTS/LIV_LDL/CD33_500kb.wgt.RDat	CD33	19	51728320	51747115	0.2774	rs7250849	  2.47	rs273634	 1.42e-01	  8.71	  0.3704	278	  4	lasso	0.23750	 1.04e-32	  0.11135	9.11e-01
./fusion_twas/WEIGHTS/LIV_LDL/PDCD5_500kb.wgt.RDat	PDCD5	19	33071974	33078358	0.2654	rs6510263	 -2.59	rs888767	 1.33e-01	 -9.38	  0.7831	148	 26	enet	0.25927	 5.35e-36	 -1.66011	9.69e-02
./fusion_twas/WEIGHTS/LIV_LDL/LIN7B_500kb.wgt.RDat	LIN7B	19	49617581	49621717	0.0818	rs516246	  7.46	rs4802558	 2.76e-02	  4.79	 -1.7876	120	  4	lasso	0.04392	 8.12e-07	 -1.94060	5.23e-02
./fusion_twas/WEIGHTS/LIV_LDL/CYP2B6_500kb.wgt.RDat	CYP2B6	19	41497204	41524303	0.0645	rs2279011	 -4.13	rs10417579	 4.59e-02	  5.01	  1.6786	155	  4	lasso	0.03627	 7.01e-06	  1.81809	6.90e-02
./fusion_twas/WEIGHTS/LIV_LDL/CLEC4M_500kb.wgt.RDat	CLEC4M	19	 7828035	 7834491	0.2808	rs10906990	  2.64	rs571497	 1.74e-01	  9.52	 -2.1842	169	 17	enet	0.24211	 2.13e-33	 -2.23120	2.57e-02
./fusion_twas/WEIGHTS/LIV_LDL/S1PR5_500kb.wgt.RDat	S1PR5	19	10623623	10628607	0.0493	rs2278444	-12.80	rs7251213	 3.86e-02	  4.71	 -3.8302	130	  1	lasso	0.03224	 2.18e-05	 -3.83019	1.28e-04
./fusion_twas/WEIGHTS/LIV_LDL/NR1H2_500kb.wgt.RDat	NR1H2	19	50832910	50886239	0.0524	rs957738	 -3.02	rs17311679	 1.30e-02	  3.91	  2.1650	181	181	prs	0.02246	 3.46e-04	 -0.31653	7.52e-01
./fusion_twas/WEIGHTS/LIV_LDL/ANGPTL6_500kb.wgt.RDat	ANGPTL6	19	10203014	10213472	0.2172	rs17677316	  5.86	rs1045384	 7.16e-03	 -3.55	  0.8182	130	 59	enet	0.06711	 1.13e-09	 -0.55663	5.78e-01
./fusion_twas/WEIGHTS/LIV_LDL/FXYD5_500kb.wgt.RDat	FXYD5	19	35645633	35660786	0.1801	rs1633921	 -3.62	rs916694	 1.19e-01	 -8.08	 -2.0909	212	 23	enet	0.15737	 2.44e-21	  1.58786	1.12e-01
./fusion_twas/WEIGHTS/LIV_LDL/CTD-2368P22.1_500kb.wgt.RDat	CTD-2368P22.1	19	58513429	58522600	0.2769	rs12462540	 -3.11	rs1035522	 3.62e-01	 13.74	  0.0164	167	  5	lasso	0.36519	 1.70e-53	  0.01664	9.87e-01
./fusion_twas/WEIGHTS/LIV_LDL/CYP2B7P_500kb.wgt.RDat	CYP2B7P	19	41430124	41456565	0.2100	rs2279011	 -4.13	rs3852872	 1.71e-01	  9.40	 -0.5833	154	  3	lasso	0.16775	 9.43e-23	 -0.89165	3.73e-01
./fusion_twas/WEIGHTS/LIV_LDL/STAP2_500kb.wgt.RDat	STAP2	19	 4324040	 4342783	0.1973	rs892161	  3.26	rs12978346	 1.04e-01	  8.29	  2.0833	156	 17	enet	0.15856	 1.68e-21	  1.67604	9.37e-02
./fusion_twas/WEIGHTS/LIV_LDL/APOC1P1_500kb.wgt.RDat	APOC1P1	19	45430061	45434643	0.3450	rs1531517	-27.52	rs387976	 4.45e-02	  6.52	-14.3509	158	 10	lasso	0.23456	 2.85e-32	 -3.38664	7.08e-04
./fusion_twas/WEIGHTS/LIV_LDL/CARD8_500kb.wgt.RDat	CARD8	19	48684027	48759203	0.1854	rs516246	  7.46	rs2008521	 2.54e-02	 -5.34	 -0.9111	215	 39	enet	0.08481	 6.96e-12	  0.34433	7.31e-01
./fusion_twas/WEIGHTS/LIV_LDL/EXOSC5_500kb.wgt.RDat	EXOSC5	19	41892279	41903384	0.0619	rs2241718	  3.48	rs10521014	 7.31e-02	  0.00	 -0.1091	138	  2	lasso	0.07324	 1.96e-10	 -1.18956	2.34e-01
./fusion_twas/WEIGHTS/LIV_LDL/ZNF816_500kb.wgt.RDat	ZNF816	19	53430388	53466164	0.1848	NA	    NA	NA	       NA	    NA	      NA	179	  0	lasso	0.19433	 1.90e-26	       NA	      NA
./fusion_twas/WEIGHTS/LIV_LDL/GPR108_500kb.wgt.RDat	GPR108	19	 6729925	 6737614	0.2772	rs168259	 -2.41	rs2250656	 1.84e-01	 -9.72	  0.4085	199	  3	lasso	0.24579	 5.96e-34	 -0.08992	9.28e-01
./fusion_twas/WEIGHTS/LIV_LDL/DMPK_500kb.wgt.RDat	DMPK	19	46272975	46285810	0.0934	rs732841	 -6.44	rs8109951	 2.40e-02	 -5.75	  1.1282	160	 14	enet	0.06971	 5.37e-10	  1.12535	2.60e-01
./fusion_twas/WEIGHTS/LIV_LDL/PVR_500kb.wgt.RDat	PVR	19	45147098	45166850	0.1168	rs1531517	-27.52	rs865864	 7.65e-02	  6.64	  0.1091	170	  2	lasso	0.07844	 4.39e-11	  0.06081	9.52e-01
./fusion_twas/WEIGHTS/LIV_LDL/ZNF667-AS1_500kb.wgt.RDat	ZNF667-AS1	19	56988619	57012035	0.1453	rs2288856	  2.80	rs145011	 5.06e-02	 -6.07	  2.4310	236	 17	enet	0.13794	 9.74e-19	 -1.66781	9.54e-02
./fusion_twas/WEIGHTS/LIV_LDL/FBXO27_500kb.wgt.RDat	FBXO27	19	39481354	39523425	0.2523	rs7359950	  2.60	rs498586	 2.38e-01	 11.26	  1.1692	144	  2	lasso	0.24571	 6.14e-34	  1.32460	1.85e-01
./fusion_twas/WEIGHTS/LIV_LDL/MRI1_500kb.wgt.RDat	MRI1	19	13875346	13885096	0.2464	rs503084	  2.75	rs442573	 1.12e-01	 -7.68	  0.0909	114	 26	enet	0.15598	 3.76e-21	 -0.19952	8.42e-01
./fusion_twas/WEIGHTS/LIV_LDL/ZNF229_500kb.wgt.RDat	ZNF229	19	44921685	44952766	0.1013	rs1531517	-27.52	rs926054	 7.11e-02	 -6.13	 -8.2203	185	  8	enet	0.06016	 8.18e-09	  6.45970	1.05e-10
./fusion_twas/WEIGHTS/LIV_LDL/FPR3_500kb.wgt.RDat	FPR3	19	52298416	52329442	0.1297	rs9973239	 -3.52	rs7256036	 1.09e-02	  4.81	 -1.4444	267	267	prs	0.07636	 7.97e-11	 -2.52423	1.16e-02
./fusion_twas/WEIGHTS/LIV_LDL/ZNF606_500kb.wgt.RDat	ZNF606	19	58488421	58514717	0.1142	rs12462540	 -3.11	rs9304809	 1.05e-01	 -7.56	 -0.5222	172	  9	enet	0.13168	 6.53e-18	  0.44221	6.58e-01
./fusion_twas/WEIGHTS/LIV_LDL/PRKD2_500kb.wgt.RDat	PRKD2	19	47177532	47220384	0.2416	rs4802307	 -4.24	rs4804000	 1.23e-01	  8.12	  2.6912	144	  7	lasso	0.17025	 4.28e-23	  3.12844	1.76e-03
./fusion_twas/WEIGHTS/LIV_LDL/ZNF254_500kb.wgt.RDat	ZNF254	19	24216276	24312654	0.1731	rs11672619	  2.34	rs12460521	 6.31e-02	  0.00	 -0.1864	 56	  4	lasso	0.11751	 4.65e-16	  0.73516	4.62e-01
./fusion_twas/WEIGHTS/LIV_LDL/RPL28_500kb.wgt.RDat	RPL28	19	55896713	55914612	0.1668	rs4801655	  2.77	rs17700376	 1.30e-01	 -8.30	 -0.8310	235	  4	lasso	0.13057	 9.16e-18	  1.07009	2.85e-01
./fusion_twas/WEIGHTS/LIV_LDL/LILRB4_500kb.wgt.RDat	LILRB4	19	55155340	55181810	0.1551	rs730592	  2.67	rs370156	 4.97e-03	  4.41	  2.2462	192	192	prs	0.03325	 1.64e-05	  0.30172	7.63e-01
./fusion_twas/WEIGHTS/LIV_LDL/MCOLN1_500kb.wgt.RDat	MCOLN1	19	 7587512	 7598895	0.1213	rs10906990	  2.64	rs11880140	 8.09e-02	 -6.60	 -0.5714	153	  7	enet	0.07984	 2.92e-11	  0.51729	6.05e-01
./fusion_twas/WEIGHTS/LIV_LDL/CYP4F3_500kb.wgt.RDat	CYP4F3	19	15751707	15773635	0.0569	rs1044009	 -2.65	rs1290620	 2.91e-02	  5.64	  1.7925	236	236	prs	0.06359	 3.08e-09	  1.68776	9.15e-02
./fusion_twas/WEIGHTS/LIV_LDL/ZNF443_500kb.wgt.RDat	ZNF443	19	12540521	12551926	0.0540	rs7246968	  2.70	rs12460192	 2.29e-03	 -4.01	  0.1250	 90	 90	prs	0.01819	 1.17e-03	  0.59362	5.53e-01
./fusion_twas/WEIGHTS/LIV_LDL/MYH14_500kb.wgt.RDat	MYH14	19	50691443	50813802	0.0443	rs957738	 -3.02	rs7246090	 3.93e-04	  3.70	  0.8281	164	164	prs	0.02149	 4.57e-04	  1.62489	1.04e-01
./fusion_twas/WEIGHTS/LIV_LDL/LRG1_500kb.wgt.RDat	LRG1	19	 4536421	 4540486	0.0642	rs2251519	 -3.45	rs8887	 1.23e-02	 -4.34	  1.8246	157	 19	enet	0.02900	 5.44e-05	 -2.49549	1.26e-02
./fusion_twas/WEIGHTS/LIV_LDL/C19orf44_500kb.wgt.RDat	C19orf44	19	16607122	16632163	0.1258	rs10415034	  2.24	rs4808012	 1.13e-01	  0.00	  0.3148	147	  7	lasso	0.12768	 2.20e-17	  1.22517	2.21e-01
./fusion_twas/WEIGHTS/LIV_LDL/RAB11B-AS1_500kb.wgt.RDat	RAB11B-AS1	19	 8439257	 8455569	0.1461	rs12610448	  2.10	rs2278236	 8.22e-02	 -6.71	 -1.7632	149	  3	lasso	0.12494	 5.00e-17	  2.13840	3.25e-02
./fusion_twas/WEIGHTS/LIV_LDL/ZNF626_500kb.wgt.RDat	ZNF626	19	20802867	20844402	0.0450	rs7253306	  2.76	rs10425311	 3.13e-02	  4.32	  0.4912	 70	  2	lasso	0.03889	 3.35e-06	  0.45143	6.52e-01
./fusion_twas/WEIGHTS/LIV_LDL/ZNF793_500kb.wgt.RDat	ZNF793	19	37997841	38039664	0.0497	rs705503	  2.07	rs2291004	 7.07e-02	  6.53	 -0.9130	 87	 87	prs	0.07227	 2.58e-10	 -0.81296	4.16e-01
./fusion_twas/WEIGHTS/LIV_LDL/ZNF333_500kb.wgt.RDat	ZNF333	19	14800613	14844558	0.1527	rs1044009	 -2.65	rs12151240	 1.25e-01	  0.00	  0.7561	190	  3	lasso	0.17079	 3.60e-23	 -1.41216	1.58e-01
./fusion_twas/WEIGHTS/LIV_LDL/RPS16_500kb.wgt.RDat	RPS16	19	39923847	39926588	0.0851	rs10424351	  3.87	rs566130	 3.56e-02	 -5.51	 -0.3774	160	 13	enet	0.05885	 1.19e-08	 -1.02127	3.07e-01
./fusion_twas/WEIGHTS/LIV_LDL/NCLN_500kb.wgt.RDat	NCLN	19	 3185561	 3209573	0.1527	rs12973643	 -2.89	rs562257	 5.06e-02	 -5.27	 -0.1695	143	 34	enet	0.07565	 9.78e-11	 -0.07036	9.44e-01
./fusion_twas/WEIGHTS/LIV_LDL/MPND_500kb.wgt.RDat	MPND	19	 4343524	 4360083	0.0683	rs892161	  3.26	rs7248755	 5.36e-02	  5.75	 -0.7368	156	  3	lasso	0.05623	 2.50e-08	 -0.15369	8.78e-01
./fusion_twas/WEIGHTS/LIV_LDL/ZNF561_500kb.wgt.RDat	ZNF561	19	 9715356	 9732075	0.1421	rs2287802	  4.22	rs11085238	 2.44e-01	-11.23	 -0.4848	123	  3	lasso	0.24985	 1.45e-34	  0.28433	7.76e-01
./fusion_twas/WEIGHTS/LIV_LDL/ZNF555_500kb.wgt.RDat	ZNF555	19	 2841433	 2860482	0.0927	rs12973643	 -2.89	rs4806877	 9.25e-03	 -3.69	  1.9811	158	 22	enet	0.02020	 6.60e-04	 -1.50664	1.32e-01
./fusion_twas/WEIGHTS/LIV_LDL/SH3GL1_500kb.wgt.RDat	SH3GL1	19	 4360367	 4400544	0.1073	rs892161	  3.26	rs7248755	 4.51e-02	  5.24	 -0.7368	158	  4	lasso	0.03793	 4.39e-06	 -0.77242	4.40e-01
./fusion_twas/WEIGHTS/LIV_LDL/ZNF302_500kb.wgt.RDat	ZNF302	19	35168544	35177302	0.2601	rs10426624	 -2.84	rs8112651	 2.26e-01	-10.87	 -0.6000	138	  4	enet	0.25491	 2.48e-35	  0.28146	7.78e-01
./fusion_twas/WEIGHTS/LIV_LDL/ZNF749_500kb.wgt.RDat	ZNF749	19	57946697	57956853	0.1103	rs726260	  2.83	rs11665675	 8.31e-02	 -6.96	  2.2222	207	  3	lasso	0.07407	 1.54e-10	 -2.14449	3.20e-02
./fusion_twas/WEIGHTS/LIV_LDL/AP2A1_500kb.wgt.RDat	AP2A1	19	50270225	50310370	0.2859	rs957738	 -3.02	rs2302518	 2.20e-01	-10.78	 -0.4889	125	 14	enet	0.24798	 2.79e-34	  0.44321	6.58e-01
./fusion_twas/WEIGHTS/LIV_LDL/STX10_500kb.wgt.RDat	STX10	19	13254872	13261197	0.0549	rs7259253	  3.78	rs2240659	 3.66e-03	  3.82	 -1.1884	127	127	prs	0.01845	 1.09e-03	 -0.42587	6.70e-01
./fusion_twas/WEIGHTS/LIV_LDL/BLOC1S3_500kb.wgt.RDat	BLOC1S3	19	45682003	45685059	0.0484	rs1531517	-27.52	rs2965155	 1.19e-02	  0.00	  5.0000	132	  7	enet	0.01254	 6.00e-03	  0.60012	5.48e-01
./fusion_twas/WEIGHTS/LIV_LDL/ERCC2_500kb.wgt.RDat	ERCC2	19	45853095	45874176	0.0464	rs395908	-20.91	rs1618536	 3.36e-02	  4.99	  1.4821	135	  8	enet	0.05157	 9.34e-08	  1.25577	2.09e-01
./fusion_twas/WEIGHTS/LIV_LDL/CATSPERG_500kb.wgt.RDat	CATSPERG	19	38826415	38861589	0.2114	rs7253473	 -2.14	rs4802327	 1.53e-01	 -8.99	 -0.3857	120	 30	enet	0.18837	 1.31e-25	  0.06871	9.45e-01
./fusion_twas/WEIGHTS/LIV_LDL/SLC25A23_500kb.wgt.RDat	SLC25A23	19	 6436090	 6465214	0.0560	rs168259	 -2.41	rs6510896	 3.04e-02	 -4.88	 -0.4035	176	  2	lasso	0.03402	 1.32e-05	  0.54298	5.87e-01
./fusion_twas/WEIGHTS/LIV_LDL/C19orf82_500kb.wgt.RDat	C19orf82	19	 9731967	 9756572	0.0452	rs2287802	  4.22	rs10405818	 3.12e-02	  4.72	  0.2125	122	 10	enet	0.02637	 1.15e-04	  0.13921	8.89e-01
./fusion_twas/WEIGHTS/LIV_LDL/ZNF181_500kb.wgt.RDat	ZNF181	19	35225060	35233777	0.1843	rs1633921	 -3.62	rs4806050	 2.08e-01	-10.58	 -0.9818	146	  3	enet	0.21994	 4.02e-30	  0.72072	4.71e-01
./fusion_twas/WEIGHTS/LIV_LDL/OCEL1_500kb.wgt.RDat	OCEL1	19	17337013	17340028	0.2376	rs13345062	  3.06	rs2288542	 1.95e-01	 10.07	 -0.3684	166	  3	lasso	0.24126	 2.86e-33	 -0.34911	7.27e-01
./fusion_twas/WEIGHTS/LIV_LDL/ZNF550_500kb.wgt.RDat	ZNF550	19	58046625	58071231	0.2766	rs726260	  2.83	rs3746222	 2.53e-01	 11.51	  0.7385	201	  2	lasso	0.25597	 1.71e-35	  0.76283	4.46e-01
./fusion_twas/WEIGHTS/LIV_LDL/CPAMD8_500kb.wgt.RDat	CPAMD8	19	17003758	17137625	0.0706	rs13345062	  3.06	rs10469470	 1.57e-03	 -3.47	  1.2533	168	  6	enet	0.02024	 6.51e-04	 -1.70343	8.85e-02
./fusion_twas/WEIGHTS/LIV_LDL/KCTD15_500kb.wgt.RDat	KCTD15	19	34286838	34306668	0.4359	rs2377296	  2.84	rs4805059	 1.61e-01	  9.21	 -0.0517	206	 51	enet	0.32424	 2.06e-46	 -1.00272	3.16e-01
./fusion_twas/WEIGHTS/LIV_LDL/PPP5C_500kb.wgt.RDat	PPP5C	19	46850251	46896238	0.0707	rs4802307	 -4.24	rs2303014	 4.54e-02	  0.00	 -1.0600	178	  1	lasso	0.04356	 8.99e-07	  1.08667	2.77e-01
./fusion_twas/WEIGHTS/LIV_LDL/KDM4B_500kb.wgt.RDat	KDM4B	19	 4969125	 5153606	0.3689	rs2251519	 -3.45	rs2249152	 3.86e-01	 14.09	 -1.6481	212	 21	enet	0.39716	 2.39e-59	 -1.16067	2.46e-01
./fusion_twas/WEIGHTS/LIV_LDL/POLRMT_500kb.wgt.RDat	POLRMT	19	  617223	  633597	0.3321	rs12976695	  2.84	rs11669519	 1.96e-01	 10.17	  1.8806	129	 16	enet	0.25022	 1.28e-34	  1.86597	6.20e-02
./fusion_twas/WEIGHTS/LIV_LDL/SUPT5H_500kb.wgt.RDat	SUPT5H	19	39926796	39967310	0.1880	rs10424351	  3.87	rs3786950	 8.51e-02	 -7.67	 -0.3816	162	  4	lasso	0.15620	 3.51e-21	 -0.15700	8.75e-01
./fusion_twas/WEIGHTS/LIV_LDL/MRPL4_500kb.wgt.RDat	MRPL4	19	10362577	10370721	0.1824	rs8106664	-11.52	rs11115	 1.20e-01	  7.93	  1.3415	134	 18	enet	0.10551	 1.64e-14	  0.32650	7.44e-01
./fusion_twas/WEIGHTS/LIV_LDL/ZNF582_500kb.wgt.RDat	ZNF582	19	56887413	56904914	0.1189	rs2288856	  2.80	rs4801639	 2.51e-02	  0.00	 -0.2143	247	  5	lasso	0.05151	 9.50e-08	  1.62193	1.05e-01
./fusion_twas/WEIGHTS/LIV_LDL/TMPRSS9_500kb.wgt.RDat	TMPRSS9	19	 2389769	 2426237	0.5461	rs12973643	 -2.89	rs10407225	 5.15e-01	-16.27	 -0.1935	147	  4	lasso	0.52770	 5.78e-87	  0.30459	7.61e-01
./fusion_twas/WEIGHTS/LIV_LDL/GNA11_500kb.wgt.RDat	GNA11	19	 3094408	 3124002	0.1229	rs12973643	 -2.89	rs3786947	 7.35e-02	 -7.01	  0.3684	142	  2	lasso	0.07534	 1.07e-10	 -0.61131	5.41e-01
./fusion_twas/WEIGHTS/LIV_LDL/AC018766.5_500kb.wgt.RDat	AC018766.5	19	50360227	50362546	0.0372	rs957738	 -3.02	rs17668162	 4.46e-03	 -3.68	  0.5714	118	118	prs	0.01445	 3.43e-03	  0.93010	3.52e-01
./fusion_twas/WEIGHTS/LIV_LDL/VMAC_500kb.wgt.RDat	VMAC	19	 5904869	 5910864	0.0564	rs10423624	 -2.65	rs8108064	 4.80e-02	 -5.44	  0.9107	136	  3	lasso	0.05042	 1.29e-07	 -1.15501	2.48e-01
./fusion_twas/WEIGHTS/LIV_LDL/ZNF493_500kb.wgt.RDat	ZNF493	19	21579921	21610375	0.1207	rs7253306	  2.76	rs8112960	 1.08e-01	 -7.53	 -0.5926	 85	  3	lasso	0.09869	 1.22e-13	  0.60475	5.45e-01
./fusion_twas/WEIGHTS/LIV_LDL/SAE1_500kb.wgt.RDat	SAE1	19	47616531	47713886	0.0905	rs2974240	  3.10	rs411560	 7.57e-02	  6.31	  0.0962	113	  2	lasso	0.06738	 1.05e-09	 -0.03087	9.75e-01
./fusion_twas/WEIGHTS/LIV_LDL/ALDH16A1_500kb.wgt.RDat	ALDH16A1	19	49956426	49974305	0.1282	rs283533	 -2.44	rs2293013	 5.49e-02	  5.57	 -0.8065	111	 15	enet	0.06747	 1.02e-09	 -0.71548	4.74e-01
./fusion_twas/WEIGHTS/LIV_LDL/EMR1_500kb.wgt.RDat	EMR1	19	 6887577	 6940470	0.3567	rs168259	 -2.41	rs10424498	 2.11e-01	 10.42	  1.7417	187	  3	lasso	0.32640	 8.96e-47	  1.31007	1.90e-01
./fusion_twas/WEIGHTS/LIV_LDL/PRR12_500kb.wgt.RDat	PRR12	19	50094900	50129696	0.1272	rs957738	 -3.02	rs13346402	 1.08e-01	  7.60	  1.6103	110	  4	lasso	0.11551	 8.43e-16	  1.89014	5.87e-02
./fusion_twas/WEIGHTS/LIV_LDL/ZNF544_500kb.wgt.RDat	ZNF544	19	58739960	58788815	0.0411	rs12462540	 -3.11	rs260428	 1.02e-02	  4.01	  2.9186	134	  4	lasso	0.00906	 1.67e-02	  3.30903	9.36e-04
./fusion_twas/WEIGHTS/LIV_LDL/RPS5_500kb.wgt.RDat	RPS5	19	58897767	58906173	0.1874	rs12462540	 -3.11	rs893179	 1.70e-01	 -9.55	 -1.0189	117	  2	lasso	0.16455	 2.58e-22	  1.02421	3.06e-01
./fusion_twas/WEIGHTS/LIV_LDL/HIF3A_500kb.wgt.RDat	HIF3A	19	46800303	46846690	0.0678	rs4802307	 -4.24	rs7252284	 5.39e-02	 -5.44	  1.1385	184	  3	lasso	0.05300	 6.25e-08	 -0.76325	4.45e-01
./fusion_twas/WEIGHTS/LIV_LDL/CTD-2231E14.8_500kb.wgt.RDat	CTD-2231E14.8	19	16234471	16250702	0.1406	rs2204000	 -2.51	rs1043346	 8.03e-02	 -6.58	  0.5479	220	  9	enet	0.08505	 6.49e-12	 -1.07802	2.81e-01
./fusion_twas/WEIGHTS/LIV_LDL/ZNF404_500kb.wgt.RDat	ZNF404	19	44376515	44405537	0.2053	rs1594895	 -7.24	rs425221	 1.89e-01	  9.90	 -1.6538	177	  5	lasso	0.18338	 6.52e-25	 -1.76669	7.73e-02
./fusion_twas/WEIGHTS/LIV_LDL/HMHA1_500kb.wgt.RDat	HMHA1	19	 1065922	 1086627	0.1320	rs10853952	 -2.89	rs4147916	 2.67e-02	  4.10	 -1.2026	116	116	blup	0.03778	 4.58e-06	 -0.71591	4.74e-01
./fusion_twas/WEIGHTS/LIV_LDL/ZNF480_500kb.wgt.RDat	ZNF480	19	52800430	52829175	0.0832	rs9973239	 -3.52	rs6509632	 1.01e-02	 -4.57	  2.1505	201	201	prs	0.01906	 9.15e-04	 -1.97500	4.83e-02
./fusion_twas/WEIGHTS/LIV_LDL/CAPN12_500kb.wgt.RDat	CAPN12	19	39220827	39260544	0.3924	rs12151188	 -2.20	rs8107416	 3.48e-01	-13.40	 -0.1923	135	  7	lasso	0.39577	 4.36e-59	  0.43878	6.61e-01
./fusion_twas/WEIGHTS/LIV_LDL/POLR2E_500kb.wgt.RDat	POLR2E	19	 1086594	 1095598	0.1058	rs10853952	 -2.89	rs2074447	 2.69e-02	  3.96	  0.6076	117	 31	enet	0.02758	 8.14e-05	  1.21298	2.25e-01
./fusion_twas/WEIGHTS/LIV_LDL/ZNF845_500kb.wgt.RDat	ZNF845	19	53837002	53858122	0.1304	rs3960965	  2.55	rs11672485	 1.12e-01	 -7.85	 -0.3571	198	  2	lasso	0.11243	 2.11e-15	  0.61457	5.39e-01
./fusion_twas/WEIGHTS/LIV_LDL/SULT2A1_500kb.wgt.RDat	SULT2A1	19	48373723	48389654	0.1718	rs2974240	  3.10	rs296381	 2.17e-01	-10.68	 -1.8514	187	  2	lasso	0.21657	 1.24e-29	  1.88364	5.96e-02
./fusion_twas/WEIGHTS/LIV_LDL/MBOAT7_500kb.wgt.RDat	MBOAT7	19	54677107	54693733	0.2687	rs730592	  2.67	rs641738	 2.96e-01	-12.32	  0.1475	177	  4	lasso	0.28926	 1.09e-40	 -0.17914	8.58e-01
./fusion_twas/WEIGHTS/LIV_LDL/ETHE1_500kb.wgt.RDat	ETHE1	19	44010871	44031396	0.4210	rs11669713	  3.29	rs2854501	 3.93e-01	-14.42	  0.4154	143	  5	lasso	0.46941	 8.46e-74	 -0.82714	4.08e-01
./fusion_twas/WEIGHTS/LIV_LDL/ZNF264_500kb.wgt.RDat	ZNF264	19	57702868	57724724	0.1071	rs726260	  2.83	rs862707	 1.43e-02	 -4.29	 -0.1571	226	226	prs	0.04296	 1.06e-06	 -2.12608	3.35e-02
./fusion_twas/WEIGHTS/LIV_LDL/DENND1C_500kb.wgt.RDat	DENND1C	19	 6467218	 6482568	0.0744	rs168259	 -2.41	rs8111177	 5.02e-02	  5.31	  0.5556	174	 10	enet	0.03920	 3.07e-06	  0.50829	6.11e-01
./fusion_twas/WEIGHTS/LIV_LDL/ZNF431_500kb.wgt.RDat	ZNF431	19	21324827	21373034	0.0703	rs7253306	  2.76	rs2115498	 9.67e-04	 -3.62	  0.5882	 79	 12	enet	0.02143	 4.64e-04	  1.19363	2.33e-01
./fusion_twas/WEIGHTS/LIV_LDL/HSD17B14_500kb.wgt.RDat	HSD17B14	19	49316274	49339935	0.0663	rs516246	  7.46	rs837642	 2.65e-02	  4.99	  0.6712	164	  5	lasso	0.04534	 5.43e-07	 -0.04739	9.62e-01
./fusion_twas/WEIGHTS/LIV_LDL/CTD-3098H1.2_500kb.wgt.RDat	CTD-3098H1.2	19	48366740	48368598	0.4976	rs2974240	  3.10	rs296381	 5.37e-01	 16.61	 -1.8514	183	 19	enet	0.60207	2.43e-106	 -2.05707	3.97e-02
./fusion_twas/WEIGHTS/LIV_LDL/ZNF571_500kb.wgt.RDat	ZNF571	19	38045684	38085673	0.0338	rs705503	  2.07	rs1038084	-1.00e-03	  3.64	  0.4032	 91	 91	blup	0.01001	 1.26e-02	  0.81507	4.15e-01
./fusion_twas/WEIGHTS/LIV_LDL/MAP3K10_500kb.wgt.RDat	MAP3K10	19	40697651	40721482	0.0378	rs3810389	  2.49	rs16974196	 3.34e-02	 -4.76	  1.7692	115	  2	lasso	0.01810	 1.20e-03	 -1.58589	1.13e-01
./fusion_twas/WEIGHTS/LIV_LDL/C19orf48_500kb.wgt.RDat	C19orf48	19	51300961	51308186	0.1942	rs1895373	 -2.44	rs9991	 2.08e-01	 10.47	  0.5000	218	  4	lasso	0.21393	 3.00e-29	  0.14370	8.86e-01
./fusion_twas/WEIGHTS/LIV_LDL/ZNF554_500kb.wgt.RDat	ZNF554	19	 2819872	 2835771	0.1396	rs12973643	 -2.89	rs11878710	 1.37e-01	  0.00	  0.3364	156	 19	enet	0.15775	 2.16e-21	  2.33795	1.94e-02
./fusion_twas/WEIGHTS/LIV_LDL/ATP8B3_500kb.wgt.RDat	ATP8B3	19	 1782074	 1812275	0.0892	rs2864419	 -2.44	rs732310	 5.26e-02	  5.92	  1.1429	116	  4	lasso	0.06182	 5.11e-09	  1.36374	1.73e-01
./fusion_twas/WEIGHTS/LIV_LDL/C19orf77_500kb.wgt.RDat	C19orf77	19	 3474405	 3480540	0.5662	rs17674346	 -2.64	rs1860192	 4.68e-01	 15.53	 -1.1642	150	  6	lasso	0.46803	 1.67e-73	 -1.25436	2.10e-01
./fusion_twas/WEIGHTS/LIV_LDL/GRAMD1A_500kb.wgt.RDat	GRAMD1A	19	35485688	35517375	0.1348	rs1633921	 -3.62	rs16970487	 7.96e-03	  4.16	 -0.8219	206	 36	enet	0.09682	 2.11e-13	  1.09244	2.75e-01
./fusion_twas/WEIGHTS/LIV_LDL/ZNF564_500kb.wgt.RDat	ZNF564	19	12636184	12662356	0.0523	rs4926298	 -3.14	rs8102143	 3.34e-02	  5.01	  2.1132	 93	  8	enet	0.05266	 6.86e-08	  1.37508	1.69e-01
./fusion_twas/WEIGHTS/LIV_LDL/ZNF671_500kb.wgt.RDat	ZNF671	19	58231119	58238992	0.0881	rs12462540	 -3.11	rs2158013	 4.14e-02	  5.62	 -0.0943	200	  4	lasso	0.04440	 7.08e-07	 -0.58969	5.55e-01
./fusion_twas/WEIGHTS/LIV_LDL/GPATCH1_500kb.wgt.RDat	GPATCH1	19	33571786	33621448	0.1283	rs1423056	 -2.95	rs1981818	 6.14e-02	  6.80	  2.2963	191	  3	lasso	0.09260	 7.23e-13	  2.37083	1.77e-02
./fusion_twas/WEIGHTS/LIV_LDL/ZNF675_500kb.wgt.RDat	ZNF675	19	23708433	23870022	0.3156	rs11670477	  2.69	rs4530290	 1.22e-01	 -8.58	  1.5769	 87	 19	enet	0.23343	 4.19e-32	 -0.77200	4.40e-01
./fusion_twas/WEIGHTS/LIV_LDL/CHAF1A_500kb.wgt.RDat	CHAF1A	19	 4402659	 4445015	0.2134	rs2251519	 -3.45	rs11085073	 1.20e-01	 -8.41	 -1.4098	161	  3	lasso	0.19779	 6.14e-27	  2.32500	2.01e-02
./fusion_twas/WEIGHTS/LIV_LDL/NRTN_500kb.wgt.RDat	NRTN	19	 5823813	 5828335	0.0871	rs10423624	 -2.65	rs8101385	 5.47e-02	 -5.53	  1.0149	147	  8	lasso	0.05110	 1.07e-07	 -0.73941	4.60e-01
./fusion_twas/WEIGHTS/LIV_LDL/MARCH2_500kb.wgt.RDat	MARCH2	19	 8478154	 8503901	0.2333	NA	    NA	NA	       NA	    NA	      NA	151	  0	lasso	0.18621	 2.63e-25	       NA	      NA
./fusion_twas/WEIGHTS/LIV_LDL/ZNF708_500kb.wgt.RDat	ZNF708	19	21473962	21512227	0.2106	rs7253306	  2.76	rs4321312	 1.91e-01	  9.98	 -0.4528	 79	 17	enet	0.22385	 1.08e-30	 -0.10810	9.14e-01
./fusion_twas/WEIGHTS/LIV_LDL/ZNF256_500kb.wgt.RDat	ZNF256	19	58452201	58459043	0.0623	rs12462540	 -3.11	rs257663	 1.83e-02	  4.72	  0.1132	181	181	prs	0.04514	 5.75e-07	 -0.02547	9.80e-01
./fusion_twas/WEIGHTS/LIV_LDL/APBA3_500kb.wgt.RDat	APBA3	19	 3750817	 3761697	0.0893	rs17674346	 -2.64	rs4807505	 5.82e-02	  5.62	 -0.3898	135	  6	lasso	0.05263	 6.92e-08	 -0.36028	7.19e-01
./fusion_twas/WEIGHTS/LIV_LDL/DPY19L3_500kb.wgt.RDat	DPY19L3	19	32896449	32976801	0.1859	rs6510263	 -2.59	rs3746016	 5.55e-02	  5.82	 -0.7794	168	  7	lasso	0.08462	 7.35e-12	 -1.71218	8.69e-02
./fusion_twas/WEIGHTS/LIV_LDL/DUS3L_500kb.wgt.RDat	DUS3L	19	 5784843	 5791249	0.3714	rs10423624	 -2.65	rs2074983	 3.22e-01	  0.00	 -0.7358	146	  1	lasso	0.33853	 7.82e-49	 -0.07874	9.37e-01
./fusion_twas/WEIGHTS/LIV_LDL/ZNF542_500kb.wgt.RDat	ZNF542	19	56879468	56891197	0.2062	rs2288856	  2.80	rs302431	 9.32e-02	  0.00	  0.9492	250	  4	lasso	0.13323	 4.09e-18	  0.42313	6.72e-01
./fusion_twas/WEIGHTS/LIV_LDL/RPS9_500kb.wgt.RDat	RPS9	19	54704610	54752862	0.1568	rs730592	  2.67	rs17305311	 6.21e-02	 -6.53	 -0.3962	189	  3	lasso	0.10662	 1.18e-14	  0.52329	6.01e-01
./fusion_twas/WEIGHTS/LIV_LDL/CTD-2369P2.2_500kb.wgt.RDat	CTD-2369P2.2	19	10332111	10333870	0.3712	rs8106664	-11.52	rs17000211	 2.20e-01	-10.66	 -1.7391	131	 39	enet	0.29805	 4.23e-42	 -0.79742	4.25e-01
./fusion_twas/WEIGHTS/LIV_LDL/CYP4F12_500kb.wgt.RDat	CYP4F12	19	15783567	15807984	0.5623	rs2204000	 -2.51	rs12461680	 3.85e-01	 14.09	  1.7759	236	 12	lasso	0.65642	6.11e-123	  2.13464	3.28e-02
./fusion_twas/WEIGHTS/LIV_LDL/SNRNP70_500kb.wgt.RDat	SNRNP70	19	49588676	49611862	0.0743	rs516246	  7.46	rs11083959	 4.37e-02	 -4.91	 -2.1045	132	  4	lasso	0.04455	 6.79e-07	  2.14207	3.22e-02
./fusion_twas/WEIGHTS/LIV_LDL/MRPL34_500kb.wgt.RDat	MRPL34	19	17403418	17417652	0.2640	rs13345062	  3.06	rs8100448	 2.38e-01	 11.34	  0.3519	175	  5	lasso	0.23982	 4.69e-33	  0.43900	6.61e-01
./fusion_twas/WEIGHTS/LIV_LDL/ZNF761_500kb.wgt.RDat	ZNF761	19	53935227	53961515	0.1952	rs3960965	  2.55	rs7246687	 1.13e-01	 -7.72	  2.1111	189	 23	enet	0.12365	 7.39e-17	 -2.21463	2.68e-02
./fusion_twas/WEIGHTS/LIV_LDL/CD97_500kb.wgt.RDat	CD97	19	14491313	14519537	0.1187	rs4808659	 -2.59	rs2396225	 1.18e-02	  4.37	 -1.0347	149	 36	enet	0.04268	 1.15e-06	 -1.00985	3.13e-01
./fusion_twas/WEIGHTS/LIV_LDL/ZNF772_500kb.wgt.RDat	ZNF772	19	57978031	57988938	0.1530	rs726260	  2.83	rs11084499	 1.91e-01	  9.92	 -0.3276	206	  7	lasso	0.18816	 1.40e-25	 -0.51878	6.04e-01
./fusion_twas/WEIGHTS/LIV_LDL/FBXO17_500kb.wgt.RDat	FBXO17	19	39432044	39466550	0.0951	rs7359950	  2.60	rs498586	 6.80e-02	  6.22	  1.1692	147	  2	lasso	0.04769	 2.80e-07	  1.26779	2.05e-01
./fusion_twas/WEIGHTS/LIV_LDL/ZNF28_500kb.wgt.RDat	ZNF28	19	53300662	53360853	0.0910	rs3960965	  2.55	rs8112051	 3.03e-02	  0.00	  2.3148	190	 29	enet	0.03824	 4.02e-06	 -0.01284	9.90e-01
./fusion_twas/WEIGHTS/LIV_LDL/RDH13_500kb.wgt.RDat	RDH13	19	55550476	55582659	0.2896	rs4801655	  2.77	rs1654431	 2.63e-01	-11.87	  0.3774	186	  4	lasso	0.37153	 1.24e-54	  0.05824	9.54e-01
./fusion_twas/WEIGHTS/LIV_LDL/ZNF432_500kb.wgt.RDat	ZNF432	19	52534632	52598991	0.0956	rs9973239	 -3.52	rs3752120	 3.90e-02	 -5.00	 -0.4286	251	251	prs	0.01965	 7.73e-04	  0.81518	4.15e-01
./fusion_twas/WEIGHTS/LIV_LDL/SIRT2_500kb.wgt.RDat	SIRT2	19	39369197	39390502	0.2015	rs7359950	  2.60	rs4803006	 2.33e-01	-10.98	 -0.2143	144	  4	lasso	0.24347	 1.33e-33	  0.20139	8.40e-01
./fusion_twas/WEIGHTS/LIV_LDL/RFX2_500kb.wgt.RDat	RFX2	19	 5993175	 6199583	0.0903	rs10423624	 -2.65	rs10418205	 5.68e-02	  5.82	  0.3333	180	  2	lasso	0.04357	 8.97e-07	  0.31055	7.56e-01
./fusion_twas/WEIGHTS/LIV_LDL/OLFM2_500kb.wgt.RDat	OLFM2	19	 9964394	10047228	0.6547	rs2287802	  4.22	rs11671851	 4.91e-01	  0.00	  0.2348	128	 34	enet	0.56161	 2.16e-95	 -0.56473	5.72e-01
./fusion_twas/WEIGHTS/LIV_LDL/DNMT1_500kb.wgt.RDat	DNMT1	19	10244021	10341962	0.0792	rs8106664	-11.52	rs10409243	 8.81e-02	 -6.84	  2.3590	142	  4	lasso	0.09055	 1.32e-12	 -1.33974	1.80e-01
./fusion_twas/WEIGHTS/LIV_LDL/CYP2A6_500kb.wgt.RDat	CYP2A6	19	41349443	41356352	0.2778	rs2279011	 -4.13	rs11878604	 1.21e-01	 -8.00	 -2.5606	146	 30	enet	0.20578	 4.47e-28	  3.59290	3.27e-04
./fusion_twas/WEIGHTS/LIV_LDL/QPCTL_500kb.wgt.RDat	QPCTL	19	46195741	46207247	0.1926	rs732841	 -6.44	rs7253390	 5.92e-02	 -6.40	  3.0625	146	 29	enet	0.13854	 8.13e-19	 -0.96041	3.37e-01
./fusion_twas/WEIGHTS/LIV_LDL/FCAR_500kb.wgt.RDat	FCAR	19	55385704	55401838	0.1832	rs8109349	 -2.57	rs1865097	 7.55e-02	  7.11	  1.6765	185	  7	lasso	0.10546	 1.66e-14	  1.85760	6.32e-02
./fusion_twas/WEIGHTS/LIV_LDL/RINL_500kb.wgt.RDat	RINL	19	39358470	39368919	0.3115	rs7359950	  2.60	rs7248208	 2.64e-01	 11.83	 -0.4912	137	 29	enet	0.31096	 3.31e-44	  0.11725	9.07e-01
./fusion_twas/WEIGHTS/LIV_LDL/SLC44A2_500kb.wgt.RDat	SLC44A2	19	10713133	10755235	0.2068	rs8099996	-15.10	rs12609501	 7.39e-02	  7.04	  2.5000	131	 27	enet	0.12630	 3.32e-17	  2.17175	2.99e-02
./fusion_twas/WEIGHTS/LIV_LDL/COX6B1_500kb.wgt.RDat	COX6B1	19	36139125	36149763	0.0592	rs1633921	 -3.62	rs107068	 1.11e-03	 -3.87	 -0.3077	199	199	prs	0.02760	 8.08e-05	  0.30278	7.62e-01
./fusion_twas/WEIGHTS/LIV_LDL/ANGPTL4_500kb.wgt.RDat	ANGPTL4	19	 8428173	 8439257	0.0637	rs12610448	  2.10	rs7254882	 1.09e-02	 -4.11	 -1.7105	146	146	prs	0.01882	 9.79e-04	  0.77671	4.37e-01
./fusion_twas/WEIGHTS/LIV_LDL/ZNF304_500kb.wgt.RDat	ZNF304	19	57862675	57871266	0.1090	rs726260	  2.83	rs7250521	 9.34e-02	 -7.22	  2.1321	216	  5	lasso	0.08223	 1.47e-11	 -2.40612	1.61e-02
./fusion_twas/WEIGHTS/LIV_LDL/ZNF587B_500kb.wgt.RDat	ZNF587B	19	58331099	58370018	0.1045	rs12462540	 -3.11	rs2158013	 3.26e-02	  5.95	 -0.0943	199	199	prs	0.08223	 1.47e-11	 -0.50209	6.16e-01
./fusion_twas/WEIGHTS/LIV_LDL/PPP1R12C_500kb.wgt.RDat	PPP1R12C	19	55602281	55628927	0.1069	rs4801655	  2.77	rs1671163	 2.50e-02	  4.78	 -0.3099	184	  5	lasso	0.03231	 2.14e-05	  0.07204	9.43e-01
./fusion_twas/WEIGHTS/LIV_LDL/ZNF30_500kb.wgt.RDat	ZNF30	19	35417807	35436074	0.0580	rs1633921	 -3.62	rs2862783	 2.28e-02	 -4.73	 -1.2364	186	 17	enet	0.04716	 3.25e-07	  0.91060	3.63e-01
./fusion_twas/WEIGHTS/LIV_LDL/LRRC25_500kb.wgt.RDat	LRRC25	19	18501954	18508427	0.0509	rs1075403	  3.58	rs13344313	 2.15e-02	 -4.45	  2.6984	142	  3	lasso	0.02675	 1.03e-04	 -2.66230	7.76e-03
./fusion_twas/WEIGHTS/LIV_LDL/ZNF260_500kb.wgt.RDat	ZNF260	19	37001597	37019562	0.0722	rs2857	  2.21	rs2385655	 2.50e-02	  5.02	 -1.6909	 98	  6	lasso	0.04648	 3.94e-07	 -1.37544	1.69e-01
./fusion_twas/WEIGHTS/LIV_LDL/LILRB2_500kb.wgt.RDat	LILRB2	19	54777675	54785039	0.0697	rs730592	  2.67	rs1761451	 3.50e-02	  4.47	 -0.1207	180	  2	lasso	0.02621	 1.20e-04	 -0.36412	7.16e-01
./fusion_twas/WEIGHTS/LIV_LDL/ARRDC2_500kb.wgt.RDat	ARRDC2	19	18111941	18124911	0.1243	rs1075403	  3.58	rs393540	 8.10e-02	  6.83	  0.8710	168	  6	enet	0.08459	 7.43e-12	  0.47371	6.36e-01
./fusion_twas/WEIGHTS/LIV_LDL/NDUFA3_500kb.wgt.RDat	NDUFA3	19	54606036	54612564	0.1053	rs730592	  2.67	rs10853869	 3.60e-02	  5.72	 -1.2857	174	  3	lasso	0.07475	 1.27e-10	 -1.10812	2.68e-01
./fusion_twas/WEIGHTS/LIV_LDL/SSC5D_500kb.wgt.RDat	SSC5D	19	55999771	56030465	0.1949	rs4801655	  2.77	rs2864436	 8.62e-02	  6.84	  0.1884	252	 30	enet	0.09993	 8.48e-14	 -1.85355	6.38e-02
./fusion_twas/WEIGHTS/LIV_LDL/ZNF773_500kb.wgt.RDat	ZNF773	19	58011283	58029772	0.1375	rs726260	  2.83	rs12460048	 3.83e-02	  5.60	  0.1698	207	207	blup	0.09852	 1.28e-13	  0.07814	9.38e-01
./fusion_twas/WEIGHTS/LIV_LDL/LRFN1_500kb.wgt.RDat	LRFN1	19	39797208	39805976	0.0744	rs10424351	  3.87	rs4803223	 2.24e-02	  5.02	 -0.5568	154	 15	enet	0.05955	 9.74e-09	  0.59457	5.52e-01
./fusion_twas/WEIGHTS/LIV_LDL/CEACAM19_500kb.wgt.RDat	CEACAM19	19	45165545	45187631	0.1205	rs1531517	-27.52	rs846885	 1.91e-02	  5.10	 -0.4576	169	 16	enet	0.07196	 2.82e-10	  5.97240	2.34e-09
./fusion_twas/WEIGHTS/LIV_LDL/APOC2_500kb.wgt.RDat	APOC2	19	45449243	45452822	0.2791	rs1531517	-27.52	rs8111069	 2.10e-01	 10.47	  2.1429	149	 37	enet	0.23848	 7.43e-33	  2.93351	3.35e-03
./fusion_twas/WEIGHTS/LIV_LDL/RGL3_500kb.wgt.RDat	RGL3	19	11495017	11530018	0.1619	rs8099996	-15.10	rs3816865	 1.75e-01	  9.74	  1.3367	138	  3	lasso	0.17867	 2.95e-24	  4.17237	3.01e-05
./fusion_twas/WEIGHTS/LIV_LDL/UBXN6_500kb.wgt.RDat	UBXN6	19	 4444996	 4457819	0.0905	rs2251519	 -3.45	rs107288	 9.66e-02	  7.36	 -1.7222	157	  6	enet	0.10191	 4.74e-14	 -1.55164	1.21e-01
./fusion_twas/WEIGHTS/LIV_LDL/ZNF91_500kb.wgt.RDat	ZNF91	19	23487793	23578362	0.0360	rs11670477	  2.69	rs10406898	 3.55e-03	  3.65	 -0.2326	 72	 72	prs	0.02369	 2.45e-04	 -0.14060	8.88e-01
./fusion_twas/WEIGHTS/LIV_LDL/NUCB1_500kb.wgt.RDat	NUCB1	19	49403307	49426629	0.0630	rs516246	  7.46	rs500079	-1.06e-03	 -4.06	  1.0667	156	156	prs	0.01106	 9.25e-03	  0.08835	9.30e-01
./fusion_twas/WEIGHTS/LIV_LDL/ZNF471_500kb.wgt.RDat	ZNF471	19	57019212	57041590	0.1592	rs2288856	  2.80	rs7252935	 9.35e-02	  0.00	 -1.3115	237	  5	enet	0.11111	 3.13e-15	 -2.56459	1.03e-02
./fusion_twas/WEIGHTS/LIV_LDL/FFAR2_500kb.wgt.RDat	FFAR2	19	35934809	35942669	0.0699	rs1633921	 -3.62	rs10412382	 1.45e-02	  4.62	 -0.3495	209	 13	enet	0.03842	 3.82e-06	 -0.42501	6.71e-01
./fusion_twas/WEIGHTS/LIV_LDL/ASPDH_500kb.wgt.RDat	ASPDH	19	51014857	51017947	0.0848	rs957738	 -3.02	rs3816551	 5.69e-02	  5.70	 -0.6000	193	  3	lasso	0.05876	 1.22e-08	 -0.53184	5.95e-01
./fusion_twas/WEIGHTS/LIV_LDL/LILRB5_500kb.wgt.RDat	LILRB5	19	54754263	54761164	0.0723	rs730592	  2.67	rs422948	 5.85e-02	 -5.62	 -0.5532	182	  3	lasso	0.05082	 1.15e-07	  0.56778	5.70e-01
./fusion_twas/WEIGHTS/LIV_LDL/TRIP10_500kb.wgt.RDat	TRIP10	19	 6737936	 6751537	0.1845	rs168259	 -2.41	rs1054060	 1.43e-01	 -8.68	 -1.1429	200	  6	enet	0.17696	 5.09e-24	  1.02115	3.07e-01
./fusion_twas/WEIGHTS/LIV_LDL/AC005336.4_500kb.wgt.RDat	AC005336.4	19	16021392	16022634	0.1906	rs2204000	 -2.51	rs6512075	 1.10e-01	 -8.14	  0.1132	241	  8	lasso	0.14751	 5.19e-20	  0.36114	7.18e-01
./fusion_twas/WEIGHTS/LIV_LDL/WDR18_500kb.wgt.RDat	WDR18	19	  983174	  994569	0.6688	rs10853952	 -2.89	rs2285899	 3.48e-01	 13.38	  1.1935	115	 39	enet	0.52754	 6.30e-87	  0.37874	7.05e-01
./fusion_twas/WEIGHTS/LIV_LDL/SPINT2_500kb.wgt.RDat	SPINT2	19	38734675	38783254	0.0489	rs7253473	 -2.14	rs6508808	-1.47e-03	  3.20	 -1.7353	120	120	blup	0.02836	 6.53e-05	 -2.45124	1.42e-02
./fusion_twas/WEIGHTS/LIV_LDL/KIAA1683_500kb.wgt.RDat	KIAA1683	19	18367908	18385319	0.1870	rs1075403	  3.58	rs12461701	 1.47e-01	 -8.84	 -2.1333	148	 19	enet	0.16672	 1.30e-22	  2.74759	6.00e-03
./fusion_twas/WEIGHTS/LIV_LDL/CTC-550B14.7_500kb.wgt.RDat	CTC-550B14.7	19	55517561	55559454	0.1769	rs4801655	  2.77	rs1654431	 1.85e-01	 -9.82	  0.3774	189	  3	lasso	0.21113	 7.62e-29	 -0.33474	7.38e-01
./fusion_twas/WEIGHTS/LIV_LDL/ZNF154_500kb.wgt.RDat	ZNF154	19	58208735	58220579	0.1999	rs12462540	 -3.11	rs1004206	 2.87e-02	  5.21	  0.6979	199	199	blup	0.07486	 1.23e-10	  2.22046	2.64e-02
./fusion_twas/WEIGHTS/LIV_LDL/ACP5_500kb.wgt.RDat	ACP5	19	11685475	11689823	0.1624	rs688	 14.59	rs12984574	 1.11e-01	 -7.63	  0.2105	129	  2	lasso	0.14519	 1.06e-19	  0.17932	8.58e-01
./fusion_twas/WEIGHTS/LIV_LDL/NFKBIB_500kb.wgt.RDat	NFKBIB	19	39390340	39399533	0.3854	rs7359950	  2.60	rs4803006	 3.89e-01	-14.17	 -0.2143	141	 25	enet	0.43173	 4.91e-66	  0.00297	9.98e-01
./fusion_twas/WEIGHTS/LIV_LDL/CALM3_500kb.wgt.RDat	CALM3	19	47104331	47114050	0.1389	rs4802307	 -4.24	rs3810295	 8.28e-02	 -6.70	 -2.4505	146	  3	lasso	0.10865	 6.47e-15	  2.95573	3.12e-03
./fusion_twas/WEIGHTS/LIV_LDL/IRF3_500kb.wgt.RDat	IRF3	19	50162826	50169132	0.0939	rs957738	 -3.02	rs10415880	 4.07e-02	  4.75	 -0.5667	100	100	blup	0.04684	 3.56e-07	  1.44297	1.49e-01
./fusion_twas/WEIGHTS/LIV_LDL/TGFB1_500kb.wgt.RDat	TGFB1	19	41807492	41859816	0.2124	rs2241718	  3.48	rs12459996	 1.71e-01	  9.44	 -1.8070	144	 22	enet	0.19335	 2.61e-26	 -1.44286	1.49e-01
./fusion_twas/WEIGHTS/LIV_LDL/AURKC_500kb.wgt.RDat	AURKC	19	57742377	57746916	0.2253	rs726260	  2.83	rs4141255	 1.24e-01	  8.06	 -2.2500	219	 27	enet	0.16585	 1.71e-22	 -1.81533	6.95e-02
./fusion_twas/WEIGHTS/LIV_LDL/TRAPPC6A_500kb.wgt.RDat	TRAPPC6A	19	45666186	45681495	0.1498	rs1531517	-27.52	rs11881409	 1.49e-01	 -8.84	 -1.7636	133	  2	lasso	0.14546	 9.75e-20	  1.71862	8.57e-02
./fusion_twas/WEIGHTS/LIV_LDL/C19orf55_500kb.wgt.RDat	C19orf55	19	36249044	36261930	0.0670	rs2733744	 -2.83	rs807485	 5.07e-02	  5.37	  0.7636	189	189	prs	0.04643	 3.99e-07	  0.09538	9.24e-01
./fusion_twas/WEIGHTS/LIV_LDL/KRI1_500kb.wgt.RDat	KRI1	19	10663761	10676713	0.2292	rs8099996	-15.10	rs1465701	 9.85e-02	 -7.27	 -1.8226	129	  8	lasso	0.16721	 1.12e-22	  1.14478	2.52e-01
./fusion_twas/WEIGHTS/LIV_LDL/SYCE2_500kb.wgt.RDat	SYCE2	19	13009600	13030090	0.1796	rs7259253	  3.78	rs17706531	 1.64e-01	 -9.53	  0.4386	111	  3	lasso	0.16227	 5.28e-22	 -0.42165	6.73e-01
./fusion_twas/WEIGHTS/LIV_LDL/PTPRS_500kb.wgt.RDat	PTPRS	19	 5158506	 5340814	0.2546	rs2251519	 -3.45	rs7247790	 4.04e-02	  5.91	 -0.4412	200	 24	enet	0.17622	 6.43e-24	 -1.85276	6.39e-02
./fusion_twas/WEIGHTS/LIV_LDL/U2AF1L4_500kb.wgt.RDat	U2AF1L4	19	36233365	36236346	0.3564	rs2733744	 -2.83	rs107878	 1.71e-01	-10.93	 -0.5714	190	  4	lasso	0.36698	 8.16e-54	  0.54460	5.86e-01
./fusion_twas/WEIGHTS/LIV_LDL/ZNF160_500kb.wgt.RDat	ZNF160	19	53569859	53606689	0.4110	rs3960965	  2.55	rs8100002	 1.64e-01	 -9.23	 -0.3250	193	 36	enet	0.28265	 1.22e-39	 -0.44003	6.60e-01
./fusion_twas/WEIGHTS/LIV_LDL/ZNF284_500kb.wgt.RDat	ZNF284	19	44576297	44593766	0.0514	rs17800789	 -9.64	rs454904	 6.64e-02	 -6.04	 -0.7895	193	  6	lasso	0.05922	 1.07e-08	  0.41230	6.80e-01
./fusion_twas/WEIGHTS/LIV_LDL/ZNF83_500kb.wgt.RDat	ZNF83	19	53097313	53193749	0.4491	rs8112051	  2.31	rs7257138	 3.08e-01	 12.66	 -0.4355	198	 24	enet	0.40503	 7.76e-61	 -0.00231	9.98e-01
./fusion_twas/WEIGHTS/LIV_LDL/ZNF559_500kb.wgt.RDat	ZNF559	19	 9434448	 9461838	0.0592	rs4435373	  2.43	rs7253373	 3.47e-02	  5.21	  0.1698	134	134	prs	0.03956	 2.78e-06	 -0.22449	8.22e-01
./fusion_twas/WEIGHTS/LIV_LDL/ZNF283_500kb.wgt.RDat	ZNF283	19	44331444	44353307	0.3050	rs1582	  5.41	rs12461712	 3.21e-01	  0.00	  1.2615	174	  6	lasso	0.33167	 1.15e-47	 -2.14973	3.16e-02
./fusion_twas/WEIGHTS/LIV_LDL/ZNF71_500kb.wgt.RDat	ZNF71	19	57106632	57137849	0.2493	rs2288856	  2.80	rs145011	 1.34e-01	 -8.39	  2.4310	242	  6	lasso	0.23197	 6.89e-32	 -1.47958	1.39e-01
./fusion_twas/WEIGHTS/LIV_LDL/ZNF266_500kb.wgt.RDat	ZNF266	19	 9523272	 9546254	0.3597	rs4435373	  2.43	rs10411141	 5.74e-01	-17.17	  0.0377	126	 10	enet	0.59341	6.59e-104	  0.09043	9.28e-01
./fusion_twas/WEIGHTS/LIV_LDL/ZNF235_500kb.wgt.RDat	ZNF235	19	44732882	44809199	0.0779	rs1531517	-27.52	rs1233430	 9.49e-02	  7.21	 -2.1375	195	  8	enet	0.11646	 6.37e-16	 -4.04677	5.19e-05
./fusion_twas/WEIGHTS/LIV_LDL/ZNF320_500kb.wgt.RDat	ZNF320	19	53367043	53400946	0.3544	rs3960965	  2.55	rs707312	 1.01e-01	  0.00	  0.6364	185	 24	enet	0.25137	 8.56e-35	 -0.30740	7.59e-01
./fusion_twas/WEIGHTS/LIV_LDL/MYO9B_500kb.wgt.RDat	MYO9B	19	17186591	17325346	0.0646	rs13345062	  3.06	rs10424129	-1.52e-05	  3.78	 -1.0270	179	179	prs	0.01026	 1.17e-02	 -1.85264	6.39e-02
./fusion_twas/WEIGHTS/LIV_LDL/ZNF667_500kb.wgt.RDat	ZNF667	19	56950694	56989434	0.0685	rs2288856	  2.80	rs145011	 2.81e-02	 -5.93	  2.4310	252	 13	enet	0.05024	 1.36e-07	 -2.17909	2.93e-02
./fusion_twas/WEIGHTS/LIV_LDL/APOC1_500kb.wgt.RDat	APOC1	19	45417504	45422606	0.0838	rs1531517	-27.52	rs405509	 6.54e-02	 -6.00	 20.3250	158	 18	enet	0.05543	 3.13e-08	-11.11340	1.08e-28
./fusion_twas/WEIGHTS/LIV_LDL/MAN2B1_500kb.wgt.RDat	MAN2B1	19	12757325	12777556	0.1468	rs7259253	  3.78	rs8107642	 1.46e-01	 -8.92	  0.2321	 91	  5	lasso	0.14877	 3.52e-20	  0.01989	9.84e-01
./fusion_twas/WEIGHTS/LIV_LDL/ZNF814_500kb.wgt.RDat	ZNF814	19	58360099	58400442	0.0578	rs12462540	 -3.11	rs2285614	 1.06e-02	 -3.96	  1.7593	194	 24	enet	0.01465	 3.24e-03	 -0.47111	6.38e-01
./fusion_twas/WEIGHTS/LIV_LDL/ZNF253_500kb.wgt.RDat	ZNF253	19	19976695	20005483	0.0963	rs10500212	-13.66	rs4809014	 7.19e-02	 -6.52	 -1.6765	 94	  5	lasso	0.07735	 6.00e-11	  0.54944	5.83e-01
./fusion_twas/WEIGHTS/LIV_LDL/ZNF577_500kb.wgt.RDat	ZNF577	19	52359055	52394203	0.1208	rs9973239	 -3.52	rs7256036	 1.11e-01	 -7.75	 -1.4444	273	  5	lasso	0.10715	 1.01e-14	  1.70103	8.89e-02
./fusion_twas/WEIGHTS/LIV_LDL/GTF2F1_500kb.wgt.RDat	GTF2F1	19	 6379580	 6393992	0.1162	rs168259	 -2.41	rs2304198	 9.80e-02	 -7.14	  0.7179	163	  5	lasso	0.09478	 3.83e-13	 -0.52466	6.00e-01
./fusion_twas/WEIGHTS/LIV_LDL/ABHD8_500kb.wgt.RDat	ABHD8	19	17402940	17421045	0.1313	rs13345062	  3.06	rs7249329	 1.07e-01	  7.52	  0.0172	176	176	prs	0.11933	 2.70e-16	  0.17982	8.57e-01
./fusion_twas/WEIGHTS/LIV_LDL/TMEM147_500kb.wgt.RDat	TMEM147	19	36036497	36038428	0.6469	rs1633921	 -3.62	rs12461158	 6.59e-01	  0.00	  0.1167	211	  4	lasso	0.65867	1.10e-123	 -0.93127	3.52e-01
./fusion_twas/WEIGHTS/LIV_LDL/SYMPK_500kb.wgt.RDat	SYMPK	19	46318668	46366548	0.2611	rs732841	 -6.44	rs2303013	 3.15e-01	-12.78	 -1.0000	172	  4	lasso	0.32046	 8.85e-46	  1.62003	1.05e-01
./fusion_twas/WEIGHTS/LIV_LDL/THOP1_500kb.wgt.RDat	THOP1	19	 2785458	 2813599	0.0808	rs12973643	 -2.89	rs8111911	 7.24e-02	  0.00	  0.3030	157	  3	lasso	0.09671	 2.18e-13	  3.23515	1.22e-03
./fusion_twas/WEIGHTS/LIV_LDL/ANKRD27_500kb.wgt.RDat	ANKRD27	19	33087913	33167503	0.0727	rs6510263	 -2.59	rs259229	 8.59e-02	  7.07	 -2.2500	155	  2	lasso	0.08281	 1.24e-11	 -2.33891	1.93e-02
./fusion_twas/WEIGHTS/LIV_LDL/PRRG2_500kb.wgt.RDat	PRRG2	19	50083903	50094272	0.2200	rs957738	 -3.02	rs3745474	 1.41e-01	  8.62	  1.2564	111	 23	enet	0.19161	 4.59e-26	  1.81700	6.92e-02
./fusion_twas/WEIGHTS/LIV_LDL/ZNF586_500kb.wgt.RDat	ZNF586	19	58281023	58331307	0.0384	rs12462540	 -3.11	rs10419898	 2.57e-03	  3.96	 -1.9000	208	208	prs	0.01182	 7.40e-03	  0.32595	7.44e-01
./fusion_twas/WEIGHTS/LIV_LDL/ZNF846_500kb.wgt.RDat	ZNF846	19	 9862669	 9903856	0.1793	rs2287802	  4.22	rs7249924	 2.67e-01	 11.85	 -0.4308	115	  8	lasso	0.28399	 7.51e-40	 -0.23755	8.12e-01
./fusion_twas/WEIGHTS/LIV_LDL/ZNF180_500kb.wgt.RDat	ZNF180	19	44979854	45004576	0.1467	rs1531517	-27.52	rs2686768	 1.40e-01	  8.58	  0.9231	186	  2	lasso	0.15022	 2.25e-20	  0.16103	8.72e-01
./fusion_twas/WEIGHTS/LIV_LDL/ZNF552_500kb.wgt.RDat	ZNF552	19	58315209	58326281	0.0705	rs12462540	 -3.11	rs2285614	 7.25e-02	 -6.43	  1.7593	198	  4	lasso	0.06490	 2.12e-09	 -1.40326	1.61e-01
./fusion_twas/WEIGHTS/LIV_LDL/CD209_500kb.wgt.RDat	CD209	19	 7804879	 7812464	0.1895	rs10906990	  2.64	rs11668398	 1.16e-01	 -7.93	  0.1587	161	 24	enet	0.15005	 2.36e-20	  0.17452	8.61e-01
./fusion_twas/WEIGHTS/LIV_LDL/ITPKC_500kb.wgt.RDat	ITPKC	19	41223008	41246765	0.0931	rs2279011	 -4.13	rs4802070	 7.86e-02	  0.00	  0.2373	141	141	prs	0.08833	 2.51e-12	  0.07026	9.44e-01
./fusion_twas/WEIGHTS/LIV_LDL/RPS28_500kb.wgt.RDat	RPS28	19	 8386042	 8388224	0.2324	rs4804827	 -2.62	rs2972574	 1.83e-01	  9.74	  0.5312	143	  3	lasso	0.21000	 1.11e-28	  0.82852	4.07e-01
./fusion_twas/WEIGHTS/LIV_LDL/ZFP14_500kb.wgt.RDat	ZFP14	19	36827162	36870101	0.1058	rs12460721	  2.41	rs2271842	 7.97e-02	 -6.67	  0.4462	107	  3	lasso	0.07003	 4.91e-10	 -0.48268	6.29e-01
./fusion_twas/WEIGHTS/LIV_LDL/LONP1_500kb.wgt.RDat	LONP1	19	 5691845	 5720583	0.1837	rs10423624	 -2.65	rs806704	 1.56e-01	 -9.03	  0.3889	150	  5	lasso	0.15009	 2.34e-20	 -0.31165	7.55e-01
./fusion_twas/WEIGHTS/LIV_LDL/LINC00662_500kb.wgt.RDat	LINC00662	19	28175488	28284848	0.0552	rs4805815	  1.54	rs4141058	 2.25e-02	 -4.47	 -0.9833	 96	 96	prs	0.03782	 4.53e-06	  0.86142	3.89e-01
./fusion_twas/WEIGHTS/LIV_LDL/CAPS_500kb.wgt.RDat	CAPS	19	 5911718	 5915888	0.1063	rs10423624	 -2.65	rs8108064	 1.13e-01	 -8.10	  0.9107	136	  2	lasso	0.11146	 2.82e-15	 -0.89411	3.71e-01
./fusion_twas/WEIGHTS/LIV_LDL/BABAM1_500kb.wgt.RDat	BABAM1	19	17378159	17392058	0.0963	rs13345062	  3.06	rs751599	 5.36e-02	  5.45	  0.3714	169	 12	enet	0.04632	 4.12e-07	  0.03696	9.71e-01
./fusion_twas/WEIGHTS/LIV_LDL/IGFLR1_500kb.wgt.RDat	IGFLR1	19	36230058	36233354	0.0762	rs2733744	 -2.83	rs12459634	 8.43e-02	 -6.93	  0.4342	190	  2	lasso	0.06731	 1.07e-09	 -0.49807	6.18e-01
./fusion_twas/WEIGHTS/LIV_LDL/C3P1_500kb.wgt.RDat	C3P1	19	10148479	10184811	0.1323	rs17677316	  5.86	rs4804480	 6.83e-02	 -7.16	  0.5455	130	130	prs	0.11981	 2.34e-16	 -1.49532	1.35e-01
./fusion_twas/WEIGHTS/LIV_LDL/PTOV1_500kb.wgt.RDat	PTOV1	19	50353992	50364001	0.0781	rs957738	 -3.02	rs1290650	 2.89e-02	 -4.84	  0.1034	118	  4	lasso	0.03081	 3.27e-05	 -0.18661	8.52e-01
./fusion_twas/WEIGHTS/LIV_LDL/FEM1A_500kb.wgt.RDat	FEM1A	19	 4791728	 4795571	0.0863	rs2251519	 -3.45	rs11085098	 1.00e-01	  7.41	 -1.0725	163	  5	enet	0.10178	 4.92e-14	 -0.99956	3.18e-01
./fusion_twas/WEIGHTS/LIV_LDL/CTD-2521M24.9_500kb.wgt.RDat	CTD-2521M24.9	19	17516503	17529713	0.0673	rs13345062	  3.06	rs10415893	 5.10e-02	  5.28	  2.9138	174	  2	lasso	0.03857	 3.67e-06	  2.85712	4.27e-03
./fusion_twas/WEIGHTS/LIV_LDL/LILRA6_500kb.wgt.RDat	LILRA6	19	54720737	54746649	0.2940	rs730592	  2.67	rs4575638	 7.53e-02	  6.49	 -0.8226	185	 66	enet	0.14238	 2.51e-19	 -0.32248	7.47e-01
./fusion_twas/WEIGHTS/LIV_LDL/AC011526.1_500kb.wgt.RDat	AC011526.1	19	41960074	42006559	0.1627	rs2241718	  3.48	rs2191139	 1.77e-01	 -9.56	  0.4667	135	  1	lasso	0.17482	 1.01e-23	 -0.46667	6.41e-01
./fusion_twas/WEIGHTS/LIV_LDL/FXYD1_500kb.wgt.RDat	FXYD1	19	35629712	35634013	0.0800	rs1633921	 -3.62	rs1688017	 8.71e-02	  7.06	  0.5357	209	  3	lasso	0.07971	 3.04e-11	  0.53151	5.95e-01
./fusion_twas/WEIGHTS/LIV_LDL/ZNF607_500kb.wgt.RDat	ZNF607	19	38187264	38210691	0.0470	rs705503	  2.07	rs2927747	 1.66e-02	 -3.72	 -0.9254	 93	  3	lasso	0.01808	 1.21e-03	  1.48109	1.39e-01
./fusion_twas/WEIGHTS/LIV_LDL/CTD-3138B18.5_500kb.wgt.RDat	CTD-3138B18.5	19	58768639	58790174	0.1111	rs12462540	 -3.11	rs12462307	 4.30e-02	  5.91	  0.0702	131	  8	lasso	0.05652	 2.30e-08	 -0.05018	9.60e-01
./fusion_twas/WEIGHTS/LIV_LDL/SLC6A16_500kb.wgt.RDat	SLC6A16	19	49792895	49828482	0.1091	rs7028	  2.89	rs684959	 1.69e-01	  0.00	  0.0000	109	  9	enet	0.18081	 1.49e-24	 -0.91225	3.62e-01
./fusion_twas/WEIGHTS/LIV_LDL/PIH1D1_500kb.wgt.RDat	PIH1D1	19	49949555	49956754	0.0572	rs283533	 -2.44	rs2293013	 5.24e-02	  5.48	 -0.8065	112	  1	lasso	0.04189	 1.44e-06	 -0.80645	4.20e-01
./fusion_twas/WEIGHTS/LIV_LDL/FKRP_500kb.wgt.RDat	FKRP	19	47249303	47280245	0.3376	rs4802307	 -4.24	rs3848528	 2.01e-01	 10.23	  2.5185	130	  3	lasso	0.24150	 2.63e-33	  3.08148	2.06e-03
./fusion_twas/WEIGHTS/LIV_LDL/SCAMP4_500kb.wgt.RDat	SCAMP4	19	 1905213	 1926016	0.0764	rs2864419	 -2.44	rs7259201	 6.25e-02	 -5.92	 -0.6714	117	 20	enet	0.05641	 2.37e-08	  1.78679	7.40e-02
./fusion_twas/WEIGHTS/LIV_LDL/LPAR2_500kb.wgt.RDat	LPAR2	19	19734477	19739739	0.0376	rs10500212	-13.66	rs964132	 5.02e-02	  0.00	  1.5764	124	  8	enet	0.04818	 2.44e-07	  1.23947	2.15e-01
