FILE	ID	CHR	P0	P1	HSQ	BEST.GWAS.ID	BEST.GWAS.Z	EQTL.ID	EQTL.R2	EQTL.Z	EQTL.GWAS.Z	NSNP	NWGT	MODEL	MODELCV.R2	MODELCV.PV	TWAS.Z	TWAS.P
./fusion_twas/WEIGHTS/LIV_LDL/MSRB1_500kb.wgt.RDat	MSRB1	16	 1988211	 1993327	0.1820	rs2238464	  2.73	rs13331553	 1.10e-01	 -7.65	-0.7273	127	  6	lasso	0.10930	 5.34e-15	 0.65881	5.10e-01
./fusion_twas/WEIGHTS/LIV_LDL/CDH13_500kb.wgt.RDat	CDH13	16	82660408	83830204	0.1112	rs9922459	  3.82	rs6565065	 1.47e-02	 -4.44	-0.7759	955	  5	lasso	0.01932	 8.48e-04	 0.78017	4.35e-01
./fusion_twas/WEIGHTS/LIV_LDL/IL4R_500kb.wgt.RDat	IL4R	16	27324989	27376099	0.3465	rs16976728	 -2.69	rs6498011	 3.36e-01	-13.14	-2.3519	207	  5	lasso	0.34555	 4.82e-50	 2.36781	1.79e-02
./fusion_twas/WEIGHTS/LIV_LDL/PDXDC2P_500kb.wgt.RDat	PDXDC2P	16	70044654	70099848	0.5374	rs12149660	 -1.54	rs1134074	 4.18e-01	-14.65	 0.9074	 57	 57	blup	0.48569	 2.52e-77	-1.13667	2.56e-01
./fusion_twas/WEIGHTS/LIV_LDL/PRSS53_500kb.wgt.RDat	PRSS53	16	31094746	31100949	0.4315	rs1549293	 -4.27	rs2303222	 5.99e-01	-17.64	-4.1081	 87	  3	lasso	0.60323	1.14e-106	 4.10557	4.03e-05
./fusion_twas/WEIGHTS/LIV_LDL/DECR2_500kb.wgt.RDat	DECR2	16	  451826	  462487	0.5113	rs4984672	 -2.59	rs1204504	 4.94e-01	 15.90	 0.7895	105	  7	lasso	0.54437	 4.98e-91	 0.95516	3.39e-01
./fusion_twas/WEIGHTS/LIV_LDL/HPR_500kb.wgt.RDat	HPR	16	72088522	72111145	0.6321	rs217181	-11.14	rs9302635	 4.32e-01	 14.90	-8.1224	102	102	blup	0.51836	 9.47e-85	-1.61256	1.07e-01
./fusion_twas/WEIGHTS/LIV_LDL/DEF8_500kb.wgt.RDat	DEF8	16	90014333	90034468	0.1636	rs3826200	 -2.99	rs16965867	 1.54e-03	 -3.82	 0.3864	 92	 23	enet	0.07041	 4.40e-10	-0.25968	7.95e-01
./fusion_twas/WEIGHTS/LIV_LDL/TLDC1_500kb.wgt.RDat	TLDC1	16	84511681	84587639	0.0976	rs3803630	 -2.99	rs12923411	-1.22e-03	 -3.79	 0.1731	471	471	prs	0.03174	 2.51e-05	-1.36715	1.72e-01
./fusion_twas/WEIGHTS/LIV_LDL/HEATR3_500kb.wgt.RDat	HEATR3	16	50099852	50140298	0.1136	rs12597023	 -2.83	rs16947618	 6.69e-02	  0.00	 0.0506	153	  7	enet	0.11256	 2.03e-15	 1.44421	1.49e-01
./fusion_twas/WEIGHTS/LIV_LDL/KAT8_500kb.wgt.RDat	KAT8	16	31127075	31142714	0.1163	rs1549293	 -4.27	rs14235	 1.47e-01	 -8.76	-3.7368	 89	  7	lasso	0.15077	 1.89e-20	 3.26630	1.09e-03
./fusion_twas/WEIGHTS/LIV_LDL/ROGDI_500kb.wgt.RDat	ROGDI	16	 4846969	 4852951	0.0403	rs8064024	 -3.38	rs3185547	 2.23e-02	 -4.93	 2.4444	135	135	prs	0.04061	 2.07e-06	-2.61599	8.90e-03
./fusion_twas/WEIGHTS/LIV_LDL/UBN1_500kb.wgt.RDat	UBN1	16	 4896666	 4932361	0.0726	rs8064024	 -3.38	rs12444795	 1.74e-02	 -4.47	 2.2763	146	 14	enet	0.04305	 1.04e-06	-0.99371	3.20e-01
./fusion_twas/WEIGHTS/LIV_LDL/MT1E_500kb.wgt.RDat	MT1E	16	56659387	56661024	0.3015	rs7205804	-10.84	rs995948	 1.56e-01	  0.00	 0.5962	200	 28	enet	0.28242	 1.33e-39	 0.36646	7.14e-01
./fusion_twas/WEIGHTS/LIV_LDL/RNF40_500kb.wgt.RDat	RNF40	16	30773066	30787628	0.2112	rs1549293	 -4.27	rs3812999	 2.04e-01	 10.42	-0.4310	 77	 19	enet	0.21651	 1.27e-29	-1.03399	3.01e-01
./fusion_twas/WEIGHTS/LIV_LDL/SNX20_500kb.wgt.RDat	SNX20	16	50700211	50715264	0.0730	rs4785424	  2.54	rs2193098	-1.11e-05	 -3.70	 0.4474	162	162	prs	0.01451	 3.38e-03	-0.77990	4.35e-01
./fusion_twas/WEIGHTS/LIV_LDL/ARMC5_500kb.wgt.RDat	ARMC5	16	31469401	31478487	0.1367	rs1549293	 -4.27	rs11150626	 1.77e-01	  9.77	-0.0164	 88	  3	lasso	0.16642	 1.43e-22	-0.00393	9.97e-01
./fusion_twas/WEIGHTS/LIV_LDL/SNX29P2_500kb.wgt.RDat	SNX29P2	16	29362067	29381593	0.2969	rs3935714	  3.04	rs3844222	 1.14e-01	 -8.59	 0.6709	 56	 10	lasso	0.25092	 1.00e-34	-0.68100	4.96e-01
./fusion_twas/WEIGHTS/LIV_LDL/FANCA_500kb.wgt.RDat	FANCA	16	89803957	89883065	0.3430	rs3826200	 -2.99	rs8058895	 2.65e-01	-11.71	-1.2941	119	  6	lasso	0.29736	 5.46e-42	 1.41663	1.57e-01
./fusion_twas/WEIGHTS/LIV_LDL/CMTM3_500kb.wgt.RDat	CMTM3	16	66637777	66647795	0.1119	rs462502	  2.35	rs355951	 7.94e-02	  6.54	-1.0536	139	 13	enet	0.10108	 6.05e-14	-1.27350	2.03e-01
./fusion_twas/WEIGHTS/LIV_LDL/FOPNL_500kb.wgt.RDat	FOPNL	16	15959577	15982482	0.1105	rs152023	  3.18	rs7184559	 7.15e-03	  3.74	 0.6033	223	 18	enet	0.03934	 2.95e-06	 1.51927	1.29e-01
./fusion_twas/WEIGHTS/LIV_LDL/MGRN1_500kb.wgt.RDat	MGRN1	16	 4666494	 4740975	0.1042	rs8064024	 -3.38	rs841220	 7.47e-02	 -6.36	 0.7222	153	 21	enet	0.06341	 3.25e-09	-1.89202	5.85e-02
./fusion_twas/WEIGHTS/LIV_LDL/MARVELD3_500kb.wgt.RDat	MARVELD3	16	71660064	71676017	0.2209	rs217181	-11.14	rs7188406	 1.75e-01	  9.52	 0.1538	135	  3	lasso	0.15930	 1.34e-21	 0.20131	8.40e-01
./fusion_twas/WEIGHTS/LIV_LDL/RP11-95P2.1_500kb.wgt.RDat	RP11-95P2.1	16	 4295826	 4303790	0.2450	rs2072151	 -2.58	rs757462	 2.15e-01	-10.59	-0.2623	125	  2	lasso	0.21501	 2.09e-29	 0.18684	8.52e-01
./fusion_twas/WEIGHTS/LIV_LDL/LMF1_500kb.wgt.RDat	LMF1	16	  903634	 1031318	0.1404	rs4984672	 -2.59	rs3751667	 8.09e-02	  6.60	 0.0758	132	  3	lasso	0.08130	 1.92e-11	 0.06510	9.48e-01
./fusion_twas/WEIGHTS/LIV_LDL/CA5A_500kb.wgt.RDat	CA5A	16	87921625	87970135	0.3510	rs997761	 -2.87	rs8058389	 2.32e-01	 11.05	-0.7872	165	  2	lasso	0.22990	 1.40e-31	-0.79130	4.29e-01
./fusion_twas/WEIGHTS/LIV_LDL/WWOX_500kb.wgt.RDat	WWOX	16	78133310	79246564	0.4729	rs4888037	  2.64	rs6564520	 3.21e-01	-12.87	 0.6981	840	 46	enet	0.40298	 1.91e-60	-0.84256	3.99e-01
./fusion_twas/WEIGHTS/LIV_LDL/CTD-3088G3.8_500kb.wgt.RDat	CTD-3088G3.8	16	11453702	11617444	0.1326	rs1345442	  3.84	rs8052471	 2.88e-02	  4.91	-1.1461	237	  7	lasso	0.07531	 1.08e-10	 2.04323	4.10e-02
./fusion_twas/WEIGHTS/LIV_LDL/NAGPA_500kb.wgt.RDat	NAGPA	16	 5074845	 5084142	0.1611	rs8064024	 -3.38	rs887854	 1.27e-01	 -8.16	-0.6364	171	  3	lasso	0.13698	 1.31e-18	 0.43697	6.62e-01
./fusion_twas/WEIGHTS/LIV_LDL/BAIAP3_500kb.wgt.RDat	BAIAP3	16	 1383602	 1399439	0.1976	rs2235646	 -2.39	rs2294605	 1.20e-01	  8.05	-0.2951	134	  3	lasso	0.12664	 3.00e-17	-0.71970	4.72e-01
./fusion_twas/WEIGHTS/LIV_LDL/CDYL2_500kb.wgt.RDat	CDYL2	16	80631803	80838226	0.2522	rs1981867	 -2.74	rs8046061	 2.46e-01	 11.26	-1.4074	300	 22	enet	0.24835	 2.46e-34	-1.10044	2.71e-01
./fusion_twas/WEIGHTS/LIV_LDL/SULT1A1_500kb.wgt.RDat	SULT1A1	16	28616903	28634946	0.2715	rs3935714	  3.04	rs17707300	 1.35e-01	 -8.44	-0.7568	 74	 32	enet	0.18619	 2.64e-25	 1.05676	2.91e-01
./fusion_twas/WEIGHTS/LIV_LDL/PHKB_500kb.wgt.RDat	PHKB	16	47495034	47735434	0.0250	rs7192901	 -2.31	rs957881	 2.30e-03	 -3.12	 0.4388	 62	 62	prs	0.02568	 1.39e-04	 0.52224	6.02e-01
./fusion_twas/WEIGHTS/LIV_LDL/RP11-96D1.11_500kb.wgt.RDat	RP11-96D1.11	16	68259872	68263048	0.0362	rs2863981	 -1.95	rs6499141	 2.90e-02	  0.00	-1.3933	 84	 84	blup	0.03375	 1.42e-05	 1.22012	2.22e-01
./fusion_twas/WEIGHTS/LIV_LDL/ABCC11_500kb.wgt.RDat	ABCC11	16	48200821	48281479	0.3168	rs7202175	 -1.91	rs9941123	 5.22e-01	 16.49	 0.0000	 85	 85	blup	0.54669	 1.32e-91	-0.18482	8.53e-01
./fusion_twas/WEIGHTS/LIV_LDL/GPR114_500kb.wgt.RDat	GPR114	16	57576333	57625593	0.1480	rs223841	 -2.78	rs2044787	 9.75e-02	 -7.33	 0.5303	253	  9	lasso	0.08530	 6.04e-12	-0.19381	8.46e-01
./fusion_twas/WEIGHTS/LIV_LDL/C16orf46_500kb.wgt.RDat	C16orf46	16	81087102	81110872	0.1459	rs1981867	 -2.74	rs7187808	 7.86e-02	  0.00	 1.1228	252	  3	lasso	0.06014	 8.23e-09	-0.22649	8.21e-01
./fusion_twas/WEIGHTS/LIV_LDL/NTAN1_500kb.wgt.RDat	NTAN1	16	15131710	15149921	0.3560	rs3198697	  2.59	rs2280018	 5.86e-02	  6.90	-1.6842	 27	 12	enet	0.23406	 3.38e-32	-2.34549	1.90e-02
./fusion_twas/WEIGHTS/LIV_LDL/TMED6_500kb.wgt.RDat	TMED6	16	69377151	69385712	0.5911	rs10445010	 -2.57	rs153060	 5.18e-01	-16.29	-1.1071	 98	 31	enet	0.53401	 1.74e-88	 1.85236	6.40e-02
./fusion_twas/WEIGHTS/LIV_LDL/CD2BP2_500kb.wgt.RDat	CD2BP2	16	30362087	30366682	0.2012	rs3087443	  2.42	rs11862806	 2.29e-01	 10.97	-0.7222	 73	  4	lasso	0.22631	 4.70e-31	-0.75232	4.52e-01
./fusion_twas/WEIGHTS/LIV_LDL/GAS8_500kb.wgt.RDat	GAS8	16	90086037	90111383	0.1974	rs3826200	 -2.99	rs7498985	 1.66e-01	 -9.26	 1.2115	 84	  2	lasso	0.15803	 1.98e-21	-1.21663	2.24e-01
./fusion_twas/WEIGHTS/LIV_LDL/XYLT1_500kb.wgt.RDat	XYLT1	16	17195626	17564738	0.1241	rs11075365	  2.75	rs11645094	 3.50e-02	  5.25	-0.8750	221	  4	lasso	0.03427	 1.23e-05	-1.25411	2.10e-01
./fusion_twas/WEIGHTS/LIV_LDL/SH2B1_500kb.wgt.RDat	SH2B1	16	28857921	28885526	0.0351	rs3935714	  3.04	rs12325113	 2.85e-02	 -4.40	-0.8108	 73	 73	prs	0.02962	 4.57e-05	 0.61418	5.39e-01
./fusion_twas/WEIGHTS/LIV_LDL/RRN3_500kb.wgt.RDat	RRN3	16	15153879	15188174	0.3990	rs3198697	  2.59	rs9927842	 1.95e-01	-10.06	 0.3671	 28	 28	blup	0.32754	 5.74e-47	-0.24702	8.05e-01
./fusion_twas/WEIGHTS/LIV_LDL/SULT1A2_500kb.wgt.RDat	SULT1A2	16	28603264	28608430	0.0408	rs3935714	  3.04	rs181209	 7.68e-03	  3.31	-0.6296	 75	 75	prs	0.01855	 1.06e-03	-0.73518	4.62e-01
./fusion_twas/WEIGHTS/LIV_LDL/NPIPA5_500kb.wgt.RDat	NPIPA5	16	15457516	15474904	0.3578	rs3198697	  2.59	rs3198697	 1.94e-01	 10.07	 2.5946	 74	  5	lasso	0.20102	 2.13e-27	 2.75455	5.88e-03
./fusion_twas/WEIGHTS/LIV_LDL/RPL13_500kb.wgt.RDat	RPL13	16	89627065	89630950	0.0614	rs3826200	 -2.99	rs12709089	 2.31e-02	 -4.46	 0.5306	134	 12	enet	0.03886	 3.38e-06	-0.63977	5.22e-01
./fusion_twas/WEIGHTS/LIV_LDL/HP_500kb.wgt.RDat	HP	16	72088491	72094954	0.1125	rs217181	-11.14	rs4788592	 5.05e-02	  5.94	 0.1026	102	  5	lasso	0.10260	 3.87e-14	-3.55581	3.77e-04
./fusion_twas/WEIGHTS/LIV_LDL/ITGAX_500kb.wgt.RDat	ITGAX	16	31366455	31394318	0.0956	rs1549293	 -4.27	rs7206295	 1.17e-01	 -7.96	-1.3091	 89	  4	lasso	0.11699	 5.42e-16	 1.24533	2.13e-01
./fusion_twas/WEIGHTS/LIV_LDL/RP11-252E2.2_500kb.wgt.RDat	RP11-252E2.2	16	75153456	75178098	0.0787	rs5010692	  3.16	rs1423877	 2.72e-02	  5.37	 0.2712	140	  4	lasso	0.04219	 1.32e-06	 0.65929	5.10e-01
./fusion_twas/WEIGHTS/LIV_LDL/METTL22_500kb.wgt.RDat	METTL22	16	 8715540	 8740081	0.1675	rs8057314	  2.35	rs12922295	 1.74e-01	  9.55	 1.4569	252	  2	lasso	0.17048	 3.98e-23	 1.46837	1.42e-01
./fusion_twas/WEIGHTS/LIV_LDL/CDH15_500kb.wgt.RDat	CDH15	16	89238175	89261900	0.2918	rs2608604	 -2.98	rs4530136	 1.61e-01	  9.31	-0.4493	140	 43	enet	0.20481	 6.14e-28	-0.40478	6.86e-01
./fusion_twas/WEIGHTS/LIV_LDL/MT2A_500kb.wgt.RDat	MT2A	16	56642111	56643409	0.0874	rs7205804	-10.84	rs2280021	 6.27e-02	  0.00	 2.0471	196	  5	lasso	0.07066	 4.10e-10	 0.49352	6.22e-01
./fusion_twas/WEIGHTS/LIV_LDL/NFATC2IP_500kb.wgt.RDat	NFATC2IP	16	28962128	28978418	0.0571	rs3935714	  3.04	rs11150675	 7.34e-02	 -6.49	 0.9744	 74	  2	lasso	0.06443	 2.42e-09	-0.97500	3.30e-01
./fusion_twas/WEIGHTS/LIV_LDL/C16orf62_500kb.wgt.RDat	C16orf62	16	19566562	19718115	0.1605	rs227760	 -3.00	rs17676607	 1.25e-01	 -8.15	 0.5424	197	  3	lasso	0.12427	 6.12e-17	-0.69993	4.84e-01
./fusion_twas/WEIGHTS/LIV_LDL/PKD1_500kb.wgt.RDat	PKD1	16	 2138711	 2185899	0.0482	rs2238464	  2.73	rs36232	 2.82e-02	 -4.01	 0.1321	100	  2	lasso	0.02952	 4.70e-05	 0.59194	5.54e-01
./fusion_twas/WEIGHTS/LIV_LDL/ATMIN_500kb.wgt.RDat	ATMIN	16	81069452	81080963	0.0529	rs1981867	 -2.74	rs4454990	 6.12e-03	  4.03	 0.0865	243	243	prs	0.03345	 1.55e-05	-1.17721	2.39e-01
./fusion_twas/WEIGHTS/LIV_LDL/EARS2_500kb.wgt.RDat	EARS2	16	23533335	23569052	0.1967	rs5728	  2.64	rs1610	 2.97e-01	-12.70	-0.5067	142	142	prs	0.31306	 1.50e-44	 0.42769	6.69e-01
./fusion_twas/WEIGHTS/LIV_LDL/EXOSC6_500kb.wgt.RDat	EXOSC6	16	70284134	70285833	0.2473	rs734147	  1.74	rs4985407	 3.37e-01	 13.27	-1.2692	 57	  3	lasso	0.33413	 4.40e-48	-1.27667	2.02e-01
./fusion_twas/WEIGHTS/LIV_LDL/RPS2_500kb.wgt.RDat	RPS2	16	 2012053	 2014861	0.0394	rs2238464	  2.73	rs3169425	 6.07e-04	 -3.58	-0.6812	125	125	prs	0.02155	 4.49e-04	 1.70200	8.88e-02
./fusion_twas/WEIGHTS/LIV_LDL/DNAJA3_500kb.wgt.RDat	DNAJA3	16	 4475806	 4506776	0.0640	rs8064024	 -3.38	rs4786494	 2.18e-02	  5.37	-0.7119	158	  4	lasso	0.03393	 1.36e-05	-1.06568	2.87e-01
./fusion_twas/WEIGHTS/LIV_LDL/C16orf45_500kb.wgt.RDat	C16orf45	16	15528152	15718885	0.0943	rs152023	  3.18	rs12926897	 3.97e-02	  0.00	-0.4545	199	  4	lasso	0.06290	 3.76e-09	 0.87342	3.82e-01
./fusion_twas/WEIGHTS/LIV_LDL/IRF8_500kb.wgt.RDat	IRF8	16	85932409	85956215	0.1522	rs1728394	 -3.08	rs16940186	 1.18e-01	  7.88	 1.3148	398	  2	lasso	0.12558	 4.14e-17	 1.39862	1.62e-01
./fusion_twas/WEIGHTS/LIV_LDL/TNRC6A_500kb.wgt.RDat	TNRC6A	16	24741016	24838953	0.1184	rs8047029	 -2.68	rs6497755	 1.60e-02	  4.71	-1.7115	209	  6	lasso	0.02631	 1.16e-04	-0.73236	4.64e-01
./fusion_twas/WEIGHTS/LIV_LDL/PAM16_500kb.wgt.RDat	PAM16	16	 4381550	 4405608	0.0656	rs8064024	 -3.38	rs3747572	 9.85e-03	 -4.57	-0.2527	130	130	prs	0.02439	 2.00e-04	 0.74019	4.59e-01
./fusion_twas/WEIGHTS/LIV_LDL/CSNK2A2_500kb.wgt.RDat	CSNK2A2	16	58191811	58231824	0.0680	rs16959623	 -2.70	rs2242445	 8.78e-02	  7.01	 0.0282	210	  1	lasso	0.08177	 1.68e-11	 0.02817	9.78e-01
./fusion_twas/WEIGHTS/LIV_LDL/PRKCB_500kb.wgt.RDat	PRKCB	16	23847322	24231932	0.2228	rs1548384	 -2.95	rs2520027	 1.17e-01	  7.84	-0.5577	251	 42	enet	0.16819	 8.22e-23	-0.19801	8.43e-01
./fusion_twas/WEIGHTS/LIV_LDL/CMTR2_500kb.wgt.RDat	CMTR2	16	71315292	71323618	0.2314	rs6499515	  5.03	rs3826247	 2.34e-01	 11.04	 3.7037	 87	  9	enet	0.28837	 1.51e-40	 3.39494	6.86e-04
./fusion_twas/WEIGHTS/LIV_LDL/NPRL3_500kb.wgt.RDat	NPRL3	16	  134273	  188859	0.2595	rs4984672	 -2.59	rs2857998	 1.49e-01	 -9.62	-2.2545	 70	  5	lasso	0.20726	 2.74e-28	 1.92744	5.39e-02
./fusion_twas/WEIGHTS/LIV_LDL/ABAT_500kb.wgt.RDat	ABAT	16	 8768422	 8878432	0.0844	rs8057314	  2.35	rs13335775	 4.15e-02	  0.00	-0.4407	267	 16	enet	0.03836	 3.89e-06	 1.40449	1.60e-01
./fusion_twas/WEIGHTS/LIV_LDL/CDK10_500kb.wgt.RDat	CDK10	16	89747145	89762772	0.2325	rs3826200	 -2.99	rs7196459	 9.27e-02	 -8.03	-0.3750	129	 36	enet	0.17839	 3.22e-24	 0.47423	6.35e-01
./fusion_twas/WEIGHTS/LIV_LDL/TMEM159_500kb.wgt.RDat	TMEM159	16	21169698	21191937	0.0715	rs7204169	 -1.89	rs8055894	 3.46e-02	 -4.34	-0.3418	102	 12	enet	0.02911	 5.28e-05	-0.20454	8.38e-01
./fusion_twas/WEIGHTS/LIV_LDL/PKD1P6_500kb.wgt.RDat	PKD1P6	16	15219099	15248421	0.0705	rs3198697	  2.59	rs7192563	 4.15e-02	  4.98	 0.5750	 31	 14	enet	0.03905	 3.20e-06	 0.37675	7.06e-01
./fusion_twas/WEIGHTS/LIV_LDL/CLEC16A_500kb.wgt.RDat	CLEC16A	16	11038345	11276046	0.0654	NA	    NA	NA	       NA	    NA	     NA	293	  0	lasso	0.04333	 9.59e-07	      NA	      NA
./fusion_twas/WEIGHTS/LIV_LDL/TMEM8A_500kb.wgt.RDat	TMEM8A	16	  420773	  437113	0.2804	rs4984672	 -2.59	rs540	 3.57e-01	 13.57	 0.1579	102	 11	enet	0.37198	 1.03e-54	 0.47446	6.35e-01
./fusion_twas/WEIGHTS/LIV_LDL/ELMO3_500kb.wgt.RDat	ELMO3	16	67233014	67237932	0.0692	rs462502	  2.35	rs12920590	 2.93e-02	  4.89	-0.8382	 84	 84	blup	0.04245	 1.23e-06	-0.62187	5.34e-01
./fusion_twas/WEIGHTS/LIV_LDL/COG8_500kb.wgt.RDat	COG8	16	69354043	69373570	0.0242	rs10445010	 -2.57	rs13338194	 1.66e-02	 -3.91	 1.2877	100	100	prs	0.01604	 2.17e-03	-0.69345	4.88e-01
./fusion_twas/WEIGHTS/LIV_LDL/C16orf58_500kb.wgt.RDat	C16orf58	16	31500792	31520630	0.0739	rs1549293	 -4.27	rs3934739	 3.25e-02	 -4.61	-0.1639	 84	 84	blup	0.02569	 1.39e-04	-2.69732	6.99e-03
./fusion_twas/WEIGHTS/LIV_LDL/METRN_500kb.wgt.RDat	METRN	16	  765115	  769655	0.0640	rs4984672	 -2.59	rs3169403	 1.03e-02	  4.24	-0.8028	129	 11	enet	0.01683	 1.73e-03	 0.57449	5.66e-01
./fusion_twas/WEIGHTS/LIV_LDL/PHKG2_500kb.wgt.RDat	PHKG2	16	30759591	30772490	0.1790	rs1549293	 -4.27	rs9934806	 8.16e-02	  7.05	 0.1566	 76	 76	blup	0.09195	 8.74e-13	 0.03715	9.70e-01
./fusion_twas/WEIGHTS/LIV_LDL/RP11-538I12.2_500kb.wgt.RDat	RP11-538I12.2	16	77235371	77283854	0.0578	rs10514410	  3.05	rs4888608	-1.88e-03	  3.29	-0.1296	273	273	prs	0.00924	 1.58e-02	-0.15449	8.77e-01
./fusion_twas/WEIGHTS/LIV_LDL/NME4_500kb.wgt.RDat	NME4	16	  446725	  460367	0.4801	rs4984672	 -2.59	rs4984666	 3.78e-01	-13.93	-0.1525	104	 27	enet	0.39165	 2.56e-58	-0.31969	7.49e-01
./fusion_twas/WEIGHTS/LIV_LDL/ZNF75A_500kb.wgt.RDat	ZNF75A	16	 3355406	 3368852	0.0857	rs17183750	 -2.39	rs220380	 7.36e-02	 -6.66	 0.2542	139	  2	lasso	0.06830	 8.03e-10	-0.24612	8.06e-01
./fusion_twas/WEIGHTS/LIV_LDL/PRMT7_500kb.wgt.RDat	PRMT7	16	68344877	68392466	0.3679	rs9937080	  2.31	rs34693072	 3.11e-01	  0.00	 0.5952	 96	 23	enet	0.40701	 3.25e-61	-0.55925	5.76e-01
./fusion_twas/WEIGHTS/LIV_LDL/QPRT_500kb.wgt.RDat	QPRT	16	29674600	29710020	0.2119	rs257868	  2.19	rs11150564	 1.21e-01	  8.00	-0.3333	 59	 13	enet	0.14505	 1.11e-19	-0.18848	8.51e-01
./fusion_twas/WEIGHTS/LIV_LDL/NUDT7_500kb.wgt.RDat	NUDT7	16	77756411	77776157	0.3334	rs10514410	  3.05	rs308929	 1.69e-01	 -9.92	-0.2456	367	  4	lasso	0.30057	 1.65e-42	-1.12532	2.60e-01
./fusion_twas/WEIGHTS/LIV_LDL/ERI2_500kb.wgt.RDat	ERI2	16	20791515	20911671	0.0639	rs12930599	 -2.16	rs9925428	 6.50e-02	  6.10	 0.3654	146	146	prs	0.07786	 5.18e-11	 0.86093	3.89e-01
./fusion_twas/WEIGHTS/LIV_LDL/TSNAXIP1_500kb.wgt.RDat	TSNAXIP1	16	67840668	67866051	0.0311	rs2863981	 -1.95	rs10468274	 3.46e-02	  4.91	-0.4800	 74	  5	enet	0.03934	 2.95e-06	-0.43749	6.62e-01
./fusion_twas/WEIGHTS/LIV_LDL/SLC38A7_500kb.wgt.RDat	SLC38A7	16	58699013	58719008	0.0507	rs9929429	  2.26	rs9933063	 4.58e-02	 -5.27	 0.4000	164	  6	enet	0.03190	 2.40e-05	-0.41931	6.75e-01
./fusion_twas/WEIGHTS/LIV_LDL/CMIP_500kb.wgt.RDat	CMIP	16	81478775	81745367	0.1234	rs8058370	  3.26	rs2012502	 3.05e-02	  5.39	 1.3158	349	349	prs	0.04652	 3.89e-07	 1.23439	2.17e-01
./fusion_twas/WEIGHTS/LIV_LDL/WFDC1_500kb.wgt.RDat	WFDC1	16	84328252	84363450	0.2080	rs9922459	  3.82	rs11149652	 1.81e-01	 -9.71	-0.3103	453	  2	lasso	0.17661	 5.69e-24	 0.36534	7.15e-01
./fusion_twas/WEIGHTS/LIV_LDL/GPR97_500kb.wgt.RDat	GPR97	16	57702099	57723975	0.0522	rs223841	 -2.78	rs3751702	-1.39e-03	  0.00	 0.4528	233	233	prs	0.01632	 2.00e-03	-0.16954	8.65e-01
./fusion_twas/WEIGHTS/LIV_LDL/ZKSCAN2_500kb.wgt.RDat	ZKSCAN2	16	25247322	25269252	0.1250	rs8054701	  2.26	rs2112812	 1.24e-01	  8.22	 1.1692	171	171	prs	0.13442	 2.85e-18	 0.29222	7.70e-01
./fusion_twas/WEIGHTS/LIV_LDL/ITGAD_500kb.wgt.RDat	ITGAD	16	31404633	31437826	0.8766	rs1549293	 -4.27	rs11574647	 2.60e-01	 11.60	 0.1481	 91	 44	enet	0.50671	 4.77e-82	 0.38031	7.04e-01
./fusion_twas/WEIGHTS/LIV_LDL/KLHDC4_500kb.wgt.RDat	KLHDC4	16	87730091	87799598	0.3405	rs997761	 -2.87	rs4417557	 9.03e-02	 -7.44	-0.6933	192	  8	lasso	0.19234	 3.63e-26	-0.15542	8.76e-01
./fusion_twas/WEIGHTS/LIV_LDL/AKTIP_500kb.wgt.RDat	AKTIP	16	53524952	53538323	0.0829	rs8056040	 -2.34	rs3095631	 4.74e-03	  3.82	-0.6579	149	149	prs	0.03298	 1.77e-05	-0.03277	9.74e-01
./fusion_twas/WEIGHTS/LIV_LDL/JMJD8_500kb.wgt.RDat	JMJD8	16	  731671	  734529	0.2300	rs4984672	 -2.59	rs6597	 1.26e-01	  8.12	 0.2267	129	  4	lasso	0.12231	 1.11e-16	 0.37789	7.06e-01
./fusion_twas/WEIGHTS/LIV_LDL/NUPR1_500kb.wgt.RDat	NUPR1	16	28548606	28550495	0.1089	rs3935714	  3.04	rs151228	 1.65e-01	  9.27	-0.7907	 85	  2	lasso	0.15434	 6.26e-21	-0.77559	4.38e-01
./fusion_twas/WEIGHTS/LIV_LDL/IL27_500kb.wgt.RDat	IL27	16	28510683	28523372	0.4983	rs4787451	 -2.97	rs181209	 5.28e-01	 16.45	-0.6296	 88	  7	lasso	0.54821	 5.50e-92	-0.70604	4.80e-01
./fusion_twas/WEIGHTS/LIV_LDL/GLYR1_500kb.wgt.RDat	GLYR1	16	 4853204	 4897343	0.0700	rs8064024	 -3.38	rs7188517	 3.09e-02	 -4.55	-1.4271	147	147	prs	0.02312	 2.87e-04	-0.87409	3.82e-01
./fusion_twas/WEIGHTS/LIV_LDL/SPIRE2_500kb.wgt.RDat	SPIRE2	16	89884587	89937727	0.2258	rs3826200	 -2.99	rs2079672	 1.30e-01	  9.13	 1.7407	108	 21	enet	0.18289	 7.64e-25	 1.45806	1.45e-01
./fusion_twas/WEIGHTS/LIV_LDL/TAF1C_500kb.wgt.RDat	TAF1C	16	84211458	84220669	0.2074	rs9922459	  3.82	rs2278043	 1.62e-01	 -9.30	 0.1852	489	 17	enet	0.17292	 1.84e-23	-0.02860	9.77e-01
./fusion_twas/WEIGHTS/LIV_LDL/ZNF668_500kb.wgt.RDat	ZNF668	16	31072813	31073451	0.0501	rs1549293	 -4.27	rs14235	 2.17e-02	  4.94	-3.7368	 88	 16	enet	0.02512	 1.63e-04	-3.37746	7.32e-04
./fusion_twas/WEIGHTS/LIV_LDL/ITFG3_500kb.wgt.RDat	ITFG3	16	  299546	  319942	0.1119	rs4984672	 -2.59	rs11248914	 5.54e-02	 -6.43	 0.9091	 88	 88	prs	0.08625	 4.59e-12	 0.50008	6.17e-01
./fusion_twas/WEIGHTS/LIV_LDL/MT1M_500kb.wgt.RDat	MT1M	16	56666145	56667898	0.0468	rs7205804	-10.84	rs995948	 4.51e-02	  0.00	 0.5962	202	  2	lasso	0.05972	 9.27e-09	 0.06597	9.47e-01
./fusion_twas/WEIGHTS/LIV_LDL/COX6A2_500kb.wgt.RDat	COX6A2	16	31439052	31439967	0.3047	rs1549293	 -4.27	rs4889657	 1.39e-01	 -8.51	 0.6296	 90	 15	enet	0.17114	 3.23e-23	-1.58555	1.13e-01
./fusion_twas/WEIGHTS/LIV_LDL/XPO6_500kb.wgt.RDat	XPO6	16	28109300	28223241	0.1387	rs4787451	 -2.97	rs205356	 1.92e-01	-10.07	-0.8103	146	  2	lasso	0.18999	 7.76e-26	 0.82147	4.11e-01
./fusion_twas/WEIGHTS/LIV_LDL/PLLP_500kb.wgt.RDat	PLLP	16	57290004	57318599	0.3179	rs7205804	-10.84	rs7197204	 1.65e-01	-10.26	 0.0577	255	 33	enet	0.30756	 1.20e-43	-1.39808	1.62e-01
./fusion_twas/WEIGHTS/LIV_LDL/PLCG2_500kb.wgt.RDat	PLCG2	16	81772702	81991899	0.0648	rs8058370	  3.26	rs8043845	 4.89e-04	  3.64	 0.3143	340	 16	enet	0.01928	 8.59e-04	-0.19200	8.48e-01
./fusion_twas/WEIGHTS/LIV_LDL/RBL2_500kb.wgt.RDat	RBL2	16	53467889	53525561	0.0449	rs8056040	 -2.34	rs8056923	 3.35e-02	  4.50	 0.4074	154	154	prs	0.02554	 1.45e-04	-0.27590	7.83e-01
./fusion_twas/WEIGHTS/LIV_LDL/ADCY9_500kb.wgt.RDat	ADCY9	16	 4003388	 4166186	0.1194	rs2072151	 -2.58	rs12600120	 1.79e-02	  4.52	 0.1897	150	150	prs	0.04816	 2.45e-07	 1.17676	2.39e-01
./fusion_twas/WEIGHTS/LIV_LDL/NMRAL1_500kb.wgt.RDat	NMRAL1	16	 4511681	 4545764	0.2912	rs8064024	 -3.38	rs4786500	 1.99e-01	 10.43	-0.6610	156	  5	lasso	0.23425	 3.16e-32	-0.84269	3.99e-01
./fusion_twas/WEIGHTS/LIV_LDL/DPEP2_500kb.wgt.RDat	DPEP2	16	68021297	68034489	0.0360	rs2863981	 -1.95	rs8059305	 1.07e-02	  3.84	-0.0962	 76	 76	prs	0.01213	 6.75e-03	-0.51866	6.04e-01
./fusion_twas/WEIGHTS/LIV_LDL/RABEP2_500kb.wgt.RDat	RABEP2	16	28915742	28947847	0.0181	rs3935714	  3.04	rs9929088	 8.22e-03	  3.77	 0.5614	 74	 74	prs	0.01661	 1.84e-03	-0.65539	5.12e-01
./fusion_twas/WEIGHTS/LIV_LDL/CNOT1_500kb.wgt.RDat	CNOT1	16	58553855	58663790	0.0862	rs9929429	  2.26	rs37035	 8.11e-02	 -6.64	 1.2653	173	  2	lasso	0.07962	 3.12e-11	-1.15692	2.47e-01
./fusion_twas/WEIGHTS/LIV_LDL/ACSM1_500kb.wgt.RDat	ACSM1	16	20634559	20710212	0.4854	rs1925518	  2.80	rs163274	 5.17e-01	 16.33	 0.4035	151	  4	lasso	0.56913	 2.38e-97	 1.04854	2.94e-01
./fusion_twas/WEIGHTS/LIV_LDL/SEPT1_500kb.wgt.RDat	SEPT1	16	30389755	30393863	0.0420	rs3087443	  2.42	rs11862806	 1.44e-02	 -3.59	-0.7222	 71	 10	enet	0.01803	 1.23e-03	 1.40334	1.61e-01
./fusion_twas/WEIGHTS/LIV_LDL/CRYM_500kb.wgt.RDat	CRYM	16	21250195	21314404	0.0434	rs8054407	 -3.19	rs11074483	 1.65e-02	 -3.94	 1.4407	101	  4	lasso	0.01165	 7.76e-03	-1.01424	3.10e-01
./fusion_twas/WEIGHTS/LIV_LDL/EME2_500kb.wgt.RDat	EME2	16	 1823208	 1831709	0.1636	rs2235646	 -2.39	rs9806826	 7.02e-02	  7.00	-0.4035	132	 14	enet	0.14753	 5.15e-20	-0.98862	3.23e-01
./fusion_twas/WEIGHTS/LIV_LDL/NOMO3_500kb.wgt.RDat	NOMO3	16	16326352	16388668	0.5128	rs152023	  3.18	rs2272555	 1.29e-01	  0.00	 0.0926	198	 42	enet	0.26565	 5.58e-37	 0.74077	4.59e-01
./fusion_twas/WEIGHTS/LIV_LDL/FLYWCH1_500kb.wgt.RDat	FLYWCH1	16	 2961938	 3001209	0.5730	rs1136062	  2.58	rs734138	 5.35e-01	 16.63	 0.6552	114	 37	enet	0.60524	3.02e-107	 0.49673	6.19e-01
./fusion_twas/WEIGHTS/LIV_LDL/THUMPD1_500kb.wgt.RDat	THUMPD1	16	20744986	20753406	0.0220	rs12930599	 -2.16	rs1013950	 3.16e-02	  4.49	 0.3774	145	  2	lasso	0.02785	 7.53e-05	 0.45577	6.49e-01
./fusion_twas/WEIGHTS/LIV_LDL/CDH11_500kb.wgt.RDat	CDH11	16	64977656	65160015	0.0775	rs17526065	  2.83	rs9972785	 6.59e-02	  0.00	 0.1237	176	  2	lasso	0.06777	 9.36e-10	 0.30642	7.59e-01
./fusion_twas/WEIGHTS/LIV_LDL/MLST8_500kb.wgt.RDat	MLST8	16	 2254249	 2259417	0.1118	rs2238464	  2.73	rs26828	 1.22e-01	 -8.19	-1.4909	 95	  1	lasso	0.11560	 8.23e-16	 1.49091	1.36e-01
./fusion_twas/WEIGHTS/LIV_LDL/RFWD3_500kb.wgt.RDat	RFWD3	16	74655292	74700779	0.0934	rs4888327	 -2.58	rs3851728	 2.08e-02	 -5.24	-0.3390	126	126	prs	0.05380	 4.97e-08	-0.41981	6.75e-01
./fusion_twas/WEIGHTS/LIV_LDL/RP11-958N24.1_500kb.wgt.RDat	RP11-958N24.1	16	15005408	15029565	0.0802	rs3198697	  2.59	rs9927842	 4.20e-02	  5.36	 0.3671	 25	  3	lasso	0.04521	 5.63e-07	-0.48829	6.25e-01
./fusion_twas/WEIGHTS/LIV_LDL/KIFC3_500kb.wgt.RDat	KIFC3	16	57792129	57896957	0.0915	rs223841	 -2.78	rs2965798	 6.19e-02	 -5.81	-0.8448	256	  3	lasso	0.05555	 3.03e-08	 0.98818	3.23e-01
./fusion_twas/WEIGHTS/LIV_LDL/ACSF3_500kb.wgt.RDat	ACSF3	16	89154783	89222254	0.5066	rs2608604	 -2.98	rs4782455	 4.43e-01	 15.07	-0.5079	155	  7	lasso	0.48039	 3.64e-76	-0.69055	4.90e-01
./fusion_twas/WEIGHTS/LIV_LDL/WDR90_500kb.wgt.RDat	WDR90	16	  699311	  717833	0.1079	rs4984672	 -2.59	rs1057835	 1.07e-01	  7.49	-1.6897	132	  3	enet	0.07637	 7.94e-11	-1.69675	8.97e-02
./fusion_twas/WEIGHTS/LIV_LDL/SDR42E1_500kb.wgt.RDat	SDR42E1	16	82031221	82045093	0.0572	rs8058370	  3.26	rs6564958	 2.73e-03	  3.87	-1.4310	288	288	prs	0.02469	 1.84e-04	-1.23644	2.16e-01
./fusion_twas/WEIGHTS/LIV_LDL/CASP16_500kb.wgt.RDat	CASP16	16	 3194220	 3199964	0.1523	rs4786421	  1.98	rs2238381	 1.30e-01	 -8.33	-0.3455	131	  6	lasso	0.12189	 1.25e-16	 0.42039	6.74e-01
./fusion_twas/WEIGHTS/LIV_LDL/CDIP1_500kb.wgt.RDat	CDIP1	16	 4560676	 4588829	0.0956	rs8064024	 -3.38	rs11076846	 2.96e-04	 -3.67	 0.0000	156	156	prs	0.03905	 3.21e-06	-0.92123	3.57e-01
./fusion_twas/WEIGHTS/LIV_LDL/CMC2_500kb.wgt.RDat	CMC2	16	81009698	81053875	0.1652	rs1981867	 -2.74	rs3826048	 1.90e-01	-10.12	 0.8548	249	 10	enet	0.19058	 6.42e-26	-0.75826	4.48e-01
./fusion_twas/WEIGHTS/LIV_LDL/CLUAP1_500kb.wgt.RDat	CLUAP1	16	 3550924	 3589048	0.1869	rs17183750	 -2.39	rs12933120	 2.66e-01	 11.70	-1.6203	140	  1	lasso	0.26307	 1.40e-36	-1.62025	1.05e-01
./fusion_twas/WEIGHTS/LIV_LDL/FHOD1_500kb.wgt.RDat	FHOD1	16	67263290	67281561	0.1771	rs462502	  2.35	rs3785089	 3.48e-02	  0.00	 0.7573	 82	  5	enet	0.04945	 1.70e-07	-1.97462	4.83e-02
./fusion_twas/WEIGHTS/LIV_LDL/MRPS34_500kb.wgt.RDat	MRPS34	16	 1821891	 1823156	0.0768	rs2235646	 -2.39	rs9806826	 5.49e-02	  6.58	-0.4035	130	 14	enet	0.08466	 7.26e-12	-1.09173	2.75e-01
./fusion_twas/WEIGHTS/LIV_LDL/EIF3C_500kb.wgt.RDat	EIF3C	16	28699879	28747051	0.0703	rs3935714	  3.04	rs6565259	 6.55e-02	  6.18	-1.5385	 80	  5	lasso	0.06226	 4.50e-09	-1.48848	1.37e-01
./fusion_twas/WEIGHTS/LIV_LDL/SNAI3-AS1_500kb.wgt.RDat	SNAI3-AS1	16	88729706	88753594	0.1499	rs12447718	  4.16	rs4420519	 9.25e-02	  7.02	 1.0000	122	  2	lasso	0.10562	 1.59e-14	 0.53392	5.93e-01
./fusion_twas/WEIGHTS/LIV_LDL/BEAN1_500kb.wgt.RDat	BEAN1	16	66461200	66527432	0.0748	rs12931030	  2.56	rs1103967	 7.31e-02	  0.00	 0.1154	186	  2	lasso	0.07186	 2.90e-10	-0.62447	5.32e-01
./fusion_twas/WEIGHTS/LIV_LDL/LA16c-380H5.5_500kb.wgt.RDat	LA16c-380H5.5	16	 3056121	 3057386	0.1949	rs4786421	  1.98	rs2526269	 1.53e-01	 -8.94	 0.6613	118	  7	lasso	0.15949	 1.26e-21	-0.61187	5.41e-01
./fusion_twas/WEIGHTS/LIV_LDL/AMFR_500kb.wgt.RDat	AMFR	16	56395364	56459450	0.1059	rs7189122	 -3.38	rs8060037	 1.16e-02	 -4.83	-0.3770	169	169	prs	0.02055	 5.97e-04	 0.35205	7.25e-01
./fusion_twas/WEIGHTS/LIV_LDL/ZNF778_500kb.wgt.RDat	ZNF778	16	89284118	89295363	0.1345	rs2608604	 -2.98	rs10400958	 1.04e-01	  7.88	 1.0504	133	  4	lasso	0.10481	 2.01e-14	 0.73581	4.62e-01
./fusion_twas/WEIGHTS/LIV_LDL/WWP2_500kb.wgt.RDat	WWP2	16	69796209	69975644	0.0702	rs10445010	 -2.57	rs7191376	 1.81e-02	 -3.92	-0.1263	 85	 13	enet	0.04849	 2.24e-07	 1.31526	1.88e-01
./fusion_twas/WEIGHTS/LIV_LDL/NKD1_500kb.wgt.RDat	NKD1	16	50582241	50670647	0.0564	rs4785424	  2.54	rs4349140	 1.04e-02	 -4.50	 0.5000	163	 13	enet	0.04193	 1.42e-06	-0.54650	5.85e-01
./fusion_twas/WEIGHTS/LIV_LDL/MVP_500kb.wgt.RDat	MVP	16	29831715	29859355	0.1680	rs257868	  2.19	rs1057451	 3.92e-02	  4.69	 0.9737	 45	 45	blup	0.05553	 3.04e-08	 0.72630	4.68e-01
./fusion_twas/WEIGHTS/LIV_LDL/C16orf86_500kb.wgt.RDat	C16orf86	16	67700719	67702661	0.0465	rs9972635	 -1.85	rs6499141	 3.70e-02	 -5.03	-1.3933	 76	 76	blup	0.03658	 6.42e-06	-0.44185	6.59e-01
./fusion_twas/WEIGHTS/LIV_LDL/RP11-830F9.5_500kb.wgt.RDat	RP11-830F9.5	16	88947446	88953544	0.0665	rs12447718	  4.16	rs4075964	 5.64e-02	  0.00	-1.0508	140	 10	enet	0.06217	 4.62e-09	-0.99434	3.20e-01
./fusion_twas/WEIGHTS/LIV_LDL/YPEL3_500kb.wgt.RDat	YPEL3	16	30103635	30108236	0.0292	rs3087443	  2.42	rs11642740	 2.91e-02	  4.68	-1.7407	 72	 72	prs	0.03638	 6.79e-06	-1.70837	8.76e-02
./fusion_twas/WEIGHTS/LIV_LDL/CLCN7_500kb.wgt.RDat	CLCN7	16	 1494935	 1525581	0.1592	rs2235646	 -2.39	rs12932780	 1.44e-01	 -8.72	-0.2386	140	  7	enet	0.15808	 1.96e-21	 0.22231	8.24e-01
./fusion_twas/WEIGHTS/LIV_LDL/IL34_500kb.wgt.RDat	IL34	16	70613798	70694585	0.0359	rs2271047	 -2.35	rs12149660	 1.26e-04	  3.27	-1.5432	 47	 47	prs	0.01430	 3.58e-03	-1.55523	1.20e-01
./fusion_twas/WEIGHTS/LIV_LDL/CDH1_500kb.wgt.RDat	CDH1	16	68771128	68869451	0.0737	rs9937080	  2.31	rs2276330	 2.47e-02	 -4.27	-0.4737	102	102	blup	0.02838	 6.49e-05	 0.58892	5.56e-01
./fusion_twas/WEIGHTS/LIV_LDL/CRISPLD2_500kb.wgt.RDat	CRISPLD2	16	84853590	84954374	0.1116	rs3803630	 -2.99	rs962682	 5.50e-03	  4.49	-1.2174	410	  5	lasso	0.04011	 2.38e-06	-0.36465	7.15e-01
./fusion_twas/WEIGHTS/LIV_LDL/CLUHP3_500kb.wgt.RDat	CLUHP3	16	31711911	31721097	0.1932	rs2929	  2.23	rs6565285	 2.84e-01	 12.36	-0.0806	 68	  5	lasso	0.28318	 1.01e-39	 0.15748	8.75e-01
./fusion_twas/WEIGHTS/LIV_LDL/STUB1_500kb.wgt.RDat	STUB1	16	  730224	  732870	0.0548	rs4984672	 -2.59	rs13336260	 2.78e-02	  3.98	-0.9103	129	129	prs	0.01304	 5.17e-03	-1.38683	1.65e-01
./fusion_twas/WEIGHTS/LIV_LDL/DEXI_500kb.wgt.RDat	DEXI	16	11022748	11036317	0.0470	rs42980	 -3.46	rs887864	 1.30e-02	  3.93	 0.7455	243	243	prs	0.02039	 6.25e-04	 1.12529	2.60e-01
./fusion_twas/WEIGHTS/LIV_LDL/ECI1_500kb.wgt.RDat	ECI1	16	 2289396	 2302301	0.0477	rs2238464	  2.73	rs3803695	 2.01e-02	 -3.73	-0.5217	 95	 95	blup	0.01036	 1.14e-02	-1.51726	1.29e-01
./fusion_twas/WEIGHTS/LIV_LDL/ACSM2A_500kb.wgt.RDat	ACSM2A	16	20462783	20498991	0.1886	rs1925518	  2.80	rs2214195	 3.94e-02	  4.67	-0.0758	148	 19	enet	0.06420	 2.59e-09	-0.17724	8.59e-01
./fusion_twas/WEIGHTS/LIV_LDL/KNOP1_500kb.wgt.RDat	KNOP1	16	19714902	19729557	0.3104	rs227760	 -3.00	rs720176	 4.51e-01	 15.21	-2.1600	168	  4	lasso	0.44355	 2.06e-68	-2.15404	3.12e-02
./fusion_twas/WEIGHTS/LIV_LDL/TANGO6_500kb.wgt.RDat	TANGO6	16	68877507	69119083	0.1252	rs10445010	 -2.57	rs10500546	 8.59e-02	 -6.74	-0.7327	121	  5	lasso	0.07429	 1.44e-10	 0.48787	6.26e-01
./fusion_twas/WEIGHTS/LIV_LDL/SNX29_500kb.wgt.RDat	SNX29	16	12070594	12668146	0.0928	rs1345442	  3.84	rs7197059	 1.49e-02	  4.46	-1.2308	368	368	prs	0.03897	 3.28e-06	-1.35702	1.75e-01
./fusion_twas/WEIGHTS/LIV_LDL/MAF_500kb.wgt.RDat	MAF	16	79619740	79634611	0.1003	rs7195655	  2.89	rs4888923	 5.99e-02	  0.00	 0.1692	356	  2	lasso	0.05238	 7.44e-08	-2.31165	2.08e-02
./fusion_twas/WEIGHTS/LIV_LDL/ACSM3_500kb.wgt.RDat	ACSM3	16	20621565	20808903	0.1071	rs1925518	  2.80	rs7199599	 9.87e-02	  0.00	 1.9091	174	  5	lasso	0.10760	 8.84e-15	 0.84036	4.01e-01
./fusion_twas/WEIGHTS/LIV_LDL/INO80E_500kb.wgt.RDat	INO80E	16	30006615	30017114	0.0176	rs12443981	  1.98	rs4787491	 1.09e-02	  3.88	 0.8444	 61	 61	prs	0.01244	 6.17e-03	 1.33272	1.83e-01
./fusion_twas/WEIGHTS/LIV_LDL/RAB40C_500kb.wgt.RDat	RAB40C	16	  639357	  679272	0.2025	rs4984672	 -2.59	rs798613	 1.47e-01	  0.00	-1.3228	137	  1	lasso	0.14330	 1.89e-19	-0.49180	6.23e-01
./fusion_twas/WEIGHTS/LIV_LDL/SYT17_500kb.wgt.RDat	SYT17	16	19179293	19279652	0.1675	rs9934555	 -3.68	rs7194009	 9.80e-02	 -7.58	 0.0909	176	  5	lasso	0.09951	 9.57e-14	-0.06813	9.46e-01
./fusion_twas/WEIGHTS/LIV_LDL/CETP_500kb.wgt.RDat	CETP	16	56995762	57017757	0.1038	rs7205804	-10.84	rs2288055	 6.37e-02	  0.00	-3.0133	225	  7	enet	0.07070	 4.05e-10	 8.82103	1.13e-18
./fusion_twas/WEIGHTS/LIV_LDL/POLR3E_500kb.wgt.RDat	POLR3E	16	22308730	22346424	0.0267	rs1862657	 -2.29	rs2873168	 9.28e-03	 -3.91	-0.5789	 74	 74	prs	0.01323	 4.90e-03	 0.64353	5.20e-01
./fusion_twas/WEIGHTS/LIV_LDL/DBNDD1_500kb.wgt.RDat	DBNDD1	16	90071273	90086536	0.0574	rs3826200	 -2.99	rs12918773	-1.88e-03	  3.00	-0.0492	 87	 87	prs	0.01465	 3.24e-03	-0.09653	9.23e-01
./fusion_twas/WEIGHTS/LIV_LDL/PALB2_500kb.wgt.RDat	PALB2	16	23614488	23652631	0.0432	rs9939028	  2.77	rs7404928	 7.06e-03	 -3.66	-1.3000	146	146	prs	0.03216	 2.23e-05	 0.64449	5.19e-01
./fusion_twas/WEIGHTS/LIV_LDL/TMEM219_500kb.wgt.RDat	TMEM219	16	29952206	29984373	0.0257	rs12443981	  1.98	rs4787491	 1.74e-02	  3.99	 0.8444	 54	 54	prs	0.02076	 5.62e-04	 1.76664	7.73e-02
./fusion_twas/WEIGHTS/LIV_LDL/NUDT21_500kb.wgt.RDat	NUDT21	16	56463045	56486111	0.0615	rs7189122	 -3.38	rs7184422	 1.20e-02	  4.20	-0.2800	157	157	prs	0.03485	 1.05e-05	-1.90335	5.70e-02
./fusion_twas/WEIGHTS/LIV_LDL/NOD2_500kb.wgt.RDat	NOD2	16	50727514	50766988	0.2768	rs4785424	  2.54	rs1981760	 2.71e-01	 11.86	 0.3065	169	  2	lasso	0.26934	 1.49e-37	 0.31982	7.49e-01
./fusion_twas/WEIGHTS/LIV_LDL/CES5A_500kb.wgt.RDat	CES5A	16	55880066	55989943	0.3574	rs7189122	 -3.38	rs6499797	 1.17e-01	 -7.89	 0.3333	199	 13	lasso	0.20455	 6.69e-28	 0.52781	5.98e-01
./fusion_twas/WEIGHTS/LIV_LDL/GNPTG_500kb.wgt.RDat	GNPTG	16	 1401924	 1413352	0.1085	rs2235646	 -2.39	rs8054315	 5.90e-02	  5.69	-0.8706	132	 19	enet	0.05776	 1.62e-08	 0.83609	4.03e-01
./fusion_twas/WEIGHTS/LIV_LDL/NARFL_500kb.wgt.RDat	NARFL	16	  779753	  791329	0.1833	rs4984672	 -2.59	rs2071951	 1.81e-01	  9.71	-0.6625	128	  1	lasso	0.18083	 1.48e-24	-0.66250	5.08e-01
./fusion_twas/WEIGHTS/LIV_LDL/LCAT_500kb.wgt.RDat	LCAT	16	67973653	67978034	0.0343	rs2863981	 -1.95	rs1073632	 4.07e-02	  4.79	-0.4656	 78	  4	lasso	0.03495	 1.02e-05	-0.54779	5.84e-01
./fusion_twas/WEIGHTS/LIV_LDL/CFDP1_500kb.wgt.RDat	CFDP1	16	75327596	75467383	0.0681	rs5010692	  3.16	rs10871308	 3.40e-02	  5.38	 0.6279	141	141	prs	0.04603	 4.47e-07	 0.28869	7.73e-01
./fusion_twas/WEIGHTS/LIV_LDL/ACSM2B_500kb.wgt.RDat	ACSM2B	16	20547548	20587749	0.1142	rs1925518	  2.80	rs7498582	 5.18e-02	 -6.06	 1.2576	147	 51	enet	0.07412	 1.52e-10	-0.37154	7.10e-01
./fusion_twas/WEIGHTS/LIV_LDL/NLRC5_500kb.wgt.RDat	NLRC5	16	57023397	57117443	0.0819	rs7205804	-10.84	rs289747	 3.39e-02	 -4.29	 1.2545	244	244	prs	0.02751	 8.30e-05	 2.36057	1.82e-02
./fusion_twas/WEIGHTS/LIV_LDL/ZNF213_500kb.wgt.RDat	ZNF213	16	 3179778	 3192806	0.0655	rs4786421	  1.98	rs224177	 2.85e-02	 -5.10	-0.3396	130	130	prs	0.04245	 1.23e-06	-0.42754	6.69e-01
./fusion_twas/WEIGHTS/LIV_LDL/NAA60_500kb.wgt.RDat	NAA60	16	 3493611	 3536963	0.0947	rs17183750	 -2.39	rs250629	 1.23e-01	 -8.03	 1.4310	138	  2	lasso	0.11875	 3.20e-16	-1.44760	1.48e-01
./fusion_twas/WEIGHTS/LIV_LDL/U91319.1_500kb.wgt.RDat	U91319.1	16	13340173	13656775	0.4544	rs16960791	  2.96	rs2042416	 9.06e-02	  7.54	 0.1538	294	 33	enet	0.31664	 3.82e-45	-0.51040	6.10e-01
./fusion_twas/WEIGHTS/LIV_LDL/MAPK3_500kb.wgt.RDat	MAPK3	16	30125426	30134827	0.0414	rs3087443	  2.42	rs7204270	 2.34e-03	 -3.36	-1.3889	 73	 73	prs	0.02452	 1.93e-04	 1.36682	1.72e-01
./fusion_twas/WEIGHTS/LIV_LDL/NPIPB3_500kb.wgt.RDat	NPIPB3	16	21413558	21459888	0.0645	rs8054407	 -3.19	rs11074499	 3.22e-02	 -4.23	 0.6977	 85	 12	enet	0.05053	 1.25e-07	 0.94376	3.45e-01
./fusion_twas/WEIGHTS/LIV_LDL/FAM192A_500kb.wgt.RDat	FAM192A	16	57186378	57220028	0.1553	rs7205804	-10.84	rs12599485	 1.15e-01	 -7.82	-0.2273	244	  6	lasso	0.11084	 3.39e-15	 0.31631	7.52e-01
./fusion_twas/WEIGHTS/LIV_LDL/MT1L_500kb.wgt.RDat	MT1L	16	56651388	56652730	0.4178	rs7205804	-10.84	rs6499843	 1.18e-01	 -8.69	-0.7176	198	 38	enet	0.34007	 4.25e-49	 0.74345	4.57e-01
./fusion_twas/WEIGHTS/LIV_LDL/CHMP1A_500kb.wgt.RDat	CHMP1A	16	89710839	89724253	0.1324	rs3826200	 -2.99	rs2377058	 3.95e-02	  5.39	-1.0488	133	  9	enet	0.04873	 2.08e-07	-0.31413	7.53e-01
./fusion_twas/WEIGHTS/LIV_LDL/MBTPS1_500kb.wgt.RDat	MBTPS1	16	84087368	84150511	0.0855	rs9922459	  3.82	rs6563999	 2.61e-02	 -4.95	-0.5714	530	 11	enet	0.04421	 7.48e-07	 1.29211	1.96e-01
./fusion_twas/WEIGHTS/LIV_LDL/HAGH_500kb.wgt.RDat	HAGH	16	 1845621	 1877195	0.0926	rs2238464	  2.73	rs7187167	 9.76e-02	  0.00	-0.8448	135	  8	lasso	0.09722	 1.87e-13	-0.38886	6.97e-01
./fusion_twas/WEIGHTS/LIV_LDL/PRSS36_500kb.wgt.RDat	PRSS36	16	31150246	31161415	0.0817	rs1549293	 -4.27	rs4889606	 4.06e-02	 -6.04	-3.8108	 90	  4	lasso	0.06353	 3.14e-09	 3.55033	3.85e-04
./fusion_twas/WEIGHTS/LIV_LDL/ZNF48_500kb.wgt.RDat	ZNF48	16	30389427	30411429	0.0468	rs3087443	  2.42	rs8050812	 2.38e-02	  4.04	 0.6557	 73	  4	lasso	0.01273	 5.66e-03	 1.16482	2.44e-01
./fusion_twas/WEIGHTS/LIV_LDL/MPHOSPH6_500kb.wgt.RDat	MPHOSPH6	16	82181403	82203831	0.4412	rs8058370	  3.26	rs12597171	 3.55e-01	 13.52	-0.0167	334	 14	enet	0.41056	 6.79e-62	-0.20565	8.37e-01
./fusion_twas/WEIGHTS/LIV_LDL/WDR24_500kb.wgt.RDat	WDR24	16	  734622	  740444	0.0419	rs4984672	 -2.59	rs3918352	 6.11e-03	  0.00	-0.2703	129	129	prs	0.01967	 7.68e-04	-0.49537	6.20e-01
./fusion_twas/WEIGHTS/LIV_LDL/MAP1LC3B_500kb.wgt.RDat	MAP1LC3B	16	87417601	87438385	0.0559	rs997761	 -2.87	rs933717	-8.79e-04	 -4.74	-0.2500	270	270	blup	0.02009	 6.80e-04	-0.88459	3.76e-01
./fusion_twas/WEIGHTS/LIV_LDL/TMEM186_500kb.wgt.RDat	TMEM186	16	 8874241	 8891505	0.0569	rs1864	  2.19	rs8054048	 6.02e-02	  0.00	 0.2414	237	  1	lasso	0.05067	 1.20e-07	-0.86667	3.86e-01
./fusion_twas/WEIGHTS/LIV_LDL/KIAA0430_500kb.wgt.RDat	KIAA0430	16	15688243	15737023	0.0358	rs152023	  3.18	rs12449163	 2.65e-02	 -4.63	-0.1887	200	  4	lasso	0.03196	 2.36e-05	 0.13388	8.93e-01
./fusion_twas/WEIGHTS/LIV_LDL/FLJ00104_500kb.wgt.RDat	FLJ00104	16	87731749	87739290	0.2484	rs997761	 -2.87	rs4417557	 1.92e-01	  9.99	-0.6933	190	  7	lasso	0.21010	 1.07e-28	-0.38597	7.00e-01
./fusion_twas/WEIGHTS/LIV_LDL/VKORC1_500kb.wgt.RDat	VKORC1	16	31102163	31107301	0.4660	rs1549293	 -4.27	rs2303222	 7.03e-01	-19.09	-4.1081	 88	  6	lasso	0.71059	2.47e-142	 4.09888	4.15e-05
./fusion_twas/WEIGHTS/LIV_LDL/TUFM_500kb.wgt.RDat	TUFM	16	28853732	28857729	0.0203	rs3935714	  3.04	rs12446550	 9.28e-03	  3.77	-0.6579	 73	 73	prs	0.01554	 2.51e-03	-0.44876	6.54e-01
./fusion_twas/WEIGHTS/LIV_LDL/SNRNP25_500kb.wgt.RDat	SNRNP25	16	  103010	  107669	0.2093	rs2857998	 -2.25	rs216590	 1.79e-01	  9.61	 0.3571	 65	  3	enet	0.17955	 2.23e-24	 0.69198	4.89e-01
./fusion_twas/WEIGHTS/LIV_LDL/MTHFSD_500kb.wgt.RDat	MTHFSD	16	86563782	86588841	0.1332	rs1728394	 -3.08	rs8047645	 1.18e-01	 -8.00	 1.2266	511	  5	lasso	0.12866	 1.63e-17	-1.21331	2.25e-01
./fusion_twas/WEIGHTS/LIV_LDL/APOBR_500kb.wgt.RDat	APOBR	16	28505970	28510291	0.0380	rs4787451	 -2.97	rs151227	 1.56e-02	 -3.68	-0.6140	 87	  9	enet	0.02661	 1.07e-04	 0.67003	5.03e-01
./fusion_twas/WEIGHTS/LIV_LDL/TXNDC11_500kb.wgt.RDat	TXNDC11	16	11772936	11836734	0.1267	rs1345442	  3.84	rs11642880	 1.09e-01	 -7.56	 0.0000	215	  3	lasso	0.10779	 8.35e-15	 0.03763	9.70e-01
./fusion_twas/WEIGHTS/LIV_LDL/COQ7_500kb.wgt.RDat	COQ7	16	19078921	19091417	0.0955	rs9934555	 -3.68	rs12051270	 4.33e-02	  5.22	 1.5926	144	 12	enet	0.04432	 7.25e-07	 1.69538	9.00e-02
./fusion_twas/WEIGHTS/LIV_LDL/NPIPA1_500kb.wgt.RDat	NPIPA1	16	15016659	15045915	0.4425	rs3198697	  2.59	rs3198697	 1.31e-01	 -9.02	 2.5946	 27	 17	enet	0.36363	 3.23e-53	 0.22893	8.19e-01
./fusion_twas/WEIGHTS/LIV_LDL/PHLPP2_500kb.wgt.RDat	PHLPP2	16	71671738	71758604	0.1531	rs217181	-11.14	rs6499538	 1.13e-01	  7.84	-3.3944	146	  5	lasso	0.10640	 1.26e-14	-3.18059	1.47e-03
./fusion_twas/WEIGHTS/LIV_LDL/PIEZO1_500kb.wgt.RDat	PIEZO1	16	88781751	88851619	0.1158	rs12447718	  4.16	rs11862347	 2.36e-03	 -4.51	-1.0179	138	 21	enet	0.05448	 4.10e-08	-0.01572	9.87e-01
./fusion_twas/WEIGHTS/LIV_LDL/PDPR_500kb.wgt.RDat	PDPR	16	70147529	70195203	0.0225	rs12149660	 -1.54	rs1463436	 1.28e-02	  3.67	-0.0926	 58	 58	prs	0.01252	 6.01e-03	 0.00141	9.99e-01
./fusion_twas/WEIGHTS/LIV_LDL/ADAT1_500kb.wgt.RDat	ADAT1	16	75630879	75657198	0.1938	rs5010692	  3.16	rs964632	 2.06e-01	 11.08	 2.3750	133	  6	lasso	0.25285	 5.10e-35	 1.93406	5.31e-02
./fusion_twas/WEIGHTS/LIV_LDL/NECAB2_500kb.wgt.RDat	NECAB2	16	84002237	84036381	0.1498	rs9922459	  3.82	rs185226	 6.06e-02	 -5.79	 0.1798	495	 34	enet	0.10130	 5.67e-14	-1.76758	7.71e-02
./fusion_twas/WEIGHTS/LIV_LDL/NTHL1_500kb.wgt.RDat	NTHL1	16	 2089816	 2097867	0.1076	rs2238464	  2.73	rs3211995	 8.82e-02	  7.24	 0.9775	107	  2	lasso	0.09133	 1.05e-12	 0.61907	5.36e-01
./fusion_twas/WEIGHTS/LIV_LDL/FLYWCH2_500kb.wgt.RDat	FLYWCH2	16	 2933187	 2949383	0.1285	rs4332747	  2.67	rs9934223	 5.52e-02	  6.54	 1.5965	107	  4	enet	0.11159	 2.71e-15	 1.04212	2.97e-01
./fusion_twas/WEIGHTS/LIV_LDL/TRAP1_500kb.wgt.RDat	TRAP1	16	 3701640	 3767598	0.1184	rs7193552	  2.49	rs13335490	 3.32e-03	 -4.28	 1.3558	159	159	prs	0.05294	 6.35e-08	-0.36060	7.18e-01
./fusion_twas/WEIGHTS/LIV_LDL/USP31_500kb.wgt.RDat	USP31	16	23072727	23160591	0.0372	rs24656	 -3.51	rs8061150	 1.41e-02	 -3.56	-0.3704	170	170	prs	0.01451	 3.38e-03	 1.15822	2.47e-01
./fusion_twas/WEIGHTS/LIV_LDL/NPIPB5_500kb.wgt.RDat	NPIPB5	16	22490442	22547842	0.0862	rs24656	 -3.51	rs11646610	 4.63e-03	  4.02	-0.3028	126	  3	lasso	0.01789	 1.28e-03	 1.29157	1.97e-01
./fusion_twas/WEIGHTS/LIV_LDL/LITAF_500kb.wgt.RDat	LITAF	16	11641853	11730237	0.5548	rs1345442	  3.84	rs12595973	 2.35e-01	-11.01	-3.2542	225	 41	enet	0.39451	 7.48e-59	 5.30572	1.12e-07
./fusion_twas/WEIGHTS/LIV_LDL/SMG1_500kb.wgt.RDat	SMG1	16	18816175	18937776	0.1241	rs9934555	 -3.68	rs2291661	 1.34e-01	 -8.33	 2.2075	113	  2	lasso	0.14047	 4.50e-19	-1.86546	6.21e-02
./fusion_twas/WEIGHTS/LIV_LDL/ZNF263_500kb.wgt.RDat	ZNF263	16	 3313743	 3351401	0.0902	rs17183750	 -2.39	rs6501169	 6.29e-02	  6.48	 0.0000	141	  3	lasso	0.05707	 1.97e-08	 0.02840	9.77e-01
./fusion_twas/WEIGHTS/LIV_LDL/RP11-296I10.6_500kb.wgt.RDat	RP11-296I10.6	16	70253477	70279519	0.0777	rs11640251	  1.62	rs4985407	 7.04e-02	  6.73	-1.2692	 63	  3	lasso	0.06963	 5.50e-10	-1.18375	2.37e-01
./fusion_twas/WEIGHTS/LIV_LDL/ERVK13-1_500kb.wgt.RDat	ERVK13-1	16	 2710350	 2723445	0.4966	rs2238464	  2.73	rs11642783	 4.96e-01	-15.97	-0.7179	 93	 21	enet	0.51558	 4.23e-84	-0.02101	9.83e-01
./fusion_twas/WEIGHTS/LIV_LDL/SNTB2_500kb.wgt.RDat	SNTB2	16	69221032	69342955	0.0991	rs10445010	 -2.57	rs1127231	 8.64e-02	 -7.22	 0.6364	111	  7	enet	0.09214	 8.26e-13	-0.66692	5.05e-01
./fusion_twas/WEIGHTS/LIV_LDL/DCUN1D3_500kb.wgt.RDat	DCUN1D3	16	20866247	20911706	0.0532	rs4606726	 -2.09	rs8058903	 4.03e-02	 -4.78	-0.6786	127	  2	lasso	0.03259	 1.98e-05	 0.69454	4.87e-01
./fusion_twas/WEIGHTS/LIV_LDL/BANP_500kb.wgt.RDat	BANP	16	87982850	88110924	0.0625	rs12447718	  4.16	rs7186168	 3.96e-02	 -5.79	 0.4727	163	  3	lasso	0.05125	 1.02e-07	-0.47829	6.32e-01
./fusion_twas/WEIGHTS/LIV_LDL/MON1B_500kb.wgt.RDat	MON1B	16	77224732	77236302	0.0930	rs10514410	  3.05	rs4888608	 4.52e-02	 -6.12	-0.1296	255	  6	enet	0.08817	 2.63e-12	 0.85170	3.94e-01
./fusion_twas/WEIGHTS/LIV_LDL/TRAPPC2L_500kb.wgt.RDat	TRAPPC2L	16	88922628	88929094	0.2178	rs12447718	  4.16	rs3826061	 1.82e-01	 -9.75	 1.2000	137	 17	enet	0.18273	 8.05e-25	-0.43569	6.63e-01
./fusion_twas/WEIGHTS/LIV_LDL/ZDHHC7_500kb.wgt.RDat	ZDHHC7	16	85007787	85045141	0.2487	rs3803630	 -2.99	rs3751747	 1.85e-01	 -9.84	-0.8444	339	  6	lasso	0.20931	 1.39e-28	 0.60835	5.43e-01
./fusion_twas/WEIGHTS/LIV_LDL/SPATA33_500kb.wgt.RDat	SPATA33	16	89724210	89737680	0.1194	rs3826200	 -2.99	rs460879	 4.20e-02	  6.18	 0.1622	131	  6	lasso	0.09538	 3.21e-13	-0.27740	7.81e-01
./fusion_twas/WEIGHTS/LIV_LDL/HSD3B7_500kb.wgt.RDat	HSD3B7	16	30996519	31000473	0.2427	rs1549293	 -4.27	rs2054213	 3.82e-01	 14.03	 1.1481	 90	 11	enet	0.37946	 4.52e-56	 1.32754	1.84e-01
./fusion_twas/WEIGHTS/LIV_LDL/RRN3P1_500kb.wgt.RDat	RRN3P1	16	21807951	21831731	0.4058	rs8054407	 -3.19	rs4783414	 1.71e-01	  9.46	-1.6957	 54	 18	enet	0.20692	 3.06e-28	-1.41939	1.56e-01
./fusion_twas/WEIGHTS/LIV_LDL/PKD1L2_500kb.wgt.RDat	PKD1L2	16	81134480	81253975	0.2043	rs1981867	 -2.74	rs11641758	 1.26e-01	 -8.46	-0.3519	282	 15	enet	0.13324	 4.08e-18	-0.03549	9.72e-01
./fusion_twas/WEIGHTS/LIV_LDL/CES1P1_500kb.wgt.RDat	CES1P1	16	55794460	55828070	0.4168	rs11860394	  2.80	rs11076122	 1.37e-01	  8.47	-1.9688	198	  9	lasso	0.21208	 5.55e-29	-0.25466	7.99e-01
./fusion_twas/WEIGHTS/LIV_LDL/AC002550.5_500kb.wgt.RDat	AC002550.5	16	19717673	19726705	0.2367	rs227760	 -3.00	rs720176	 3.80e-01	 13.94	-2.1600	167	  2	lasso	0.37138	 1.32e-54	-2.15997	3.08e-02
./fusion_twas/WEIGHTS/LIV_LDL/DCTN5_500kb.wgt.RDat	DCTN5	16	23652713	23681195	0.2806	rs9939028	  2.77	rs34514	 3.87e-01	 14.12	-1.9524	145	  6	lasso	0.38294	 1.04e-56	-1.91260	5.58e-02
./fusion_twas/WEIGHTS/LIV_LDL/NOMO1_500kb.wgt.RDat	NOMO1	16	14927538	14990017	0.0712	rs3198697	  2.59	rs9927842	 4.79e-02	  5.13	 0.3671	 33	  9	enet	0.04358	 8.92e-07	 0.21298	8.31e-01
./fusion_twas/WEIGHTS/LIV_LDL/TELO2_500kb.wgt.RDat	TELO2	16	 1543345	 1560458	0.1046	rs2235646	 -2.39	rs2294604	 6.96e-03	 -4.34	-1.1525	138	 14	enet	0.03985	 2.56e-06	 0.96509	3.34e-01
./fusion_twas/WEIGHTS/LIV_LDL/PLA2G15_500kb.wgt.RDat	PLA2G15	16	68279207	68294961	0.0519	rs2863981	 -1.95	rs11043	 3.33e-02	 -5.04	 0.0364	 86	 86	blup	0.04969	 1.59e-07	-0.48358	6.29e-01
./fusion_twas/WEIGHTS/LIV_LDL/SF3B3_500kb.wgt.RDat	SF3B3	16	70557691	70608820	0.0479	rs2271047	 -2.35	rs6499323	 3.41e-02	 -5.72	-0.0847	 48	 48	prs	0.06113	 6.20e-09	 0.18830	8.51e-01
./fusion_twas/WEIGHTS/LIV_LDL/COG4_500kb.wgt.RDat	COG4	16	70514471	70557468	0.0824	rs2271047	 -2.35	rs722579	 8.52e-02	 -6.78	-0.2453	 47	  3	lasso	0.07889	 3.84e-11	 0.15134	8.80e-01
./fusion_twas/WEIGHTS/LIV_LDL/RNF166_500kb.wgt.RDat	RNF166	16	88762903	88772829	0.2246	rs12447718	  4.16	rs7404845	 1.28e-01	 -8.27	-0.4194	122	 20	enet	0.16860	 7.21e-23	-0.02256	9.82e-01
./fusion_twas/WEIGHTS/LIV_LDL/ZNF500_500kb.wgt.RDat	ZNF500	16	 4798240	 4817625	0.0407	rs8064024	 -3.38	rs1684617	 1.35e-02	 -3.83	-0.9649	137	137	prs	0.02364	 2.48e-04	 1.63432	1.02e-01
./fusion_twas/WEIGHTS/LIV_LDL/LONP2_500kb.wgt.RDat	LONP2	16	48278207	48397033	0.0914	rs7202175	 -1.91	rs9939742	 1.26e-01	  8.47	-0.0444	 94	 10	lasso	0.12593	 3.71e-17	-0.04004	9.68e-01
./fusion_twas/WEIGHTS/LIV_LDL/GNAO1_500kb.wgt.RDat	GNAO1	16	56225302	56391356	0.0747	rs7189122	 -3.38	rs4783932	 2.84e-02	 -4.67	 0.4423	188	 10	enet	0.04608	 4.41e-07	-2.03004	4.24e-02
./fusion_twas/WEIGHTS/LIV_LDL/CRAMP1L_500kb.wgt.RDat	CRAMP1L	16	 1662326	 1727909	0.0616	rs2235646	 -2.39	rs9927202	 2.60e-02	  4.30	-0.0952	124	  5	lasso	0.02373	 2.42e-04	 0.25604	7.98e-01
./fusion_twas/WEIGHTS/LIV_LDL/PMM2_500kb.wgt.RDat	PMM2	16	 8882680	 8943188	0.2037	rs1864	  2.19	rs1864	 1.34e-01	  8.40	 2.1852	251	 29	enet	0.14597	 8.33e-20	 1.43529	1.51e-01
./fusion_twas/WEIGHTS/LIV_LDL/GOT2_500kb.wgt.RDat	GOT2	16	58741035	58768261	0.1835	rs9929429	  2.26	rs12597580	 3.54e-02	  5.43	-1.1100	168	 44	enet	0.10049	 7.19e-14	 1.35814	1.74e-01
./fusion_twas/WEIGHTS/LIV_LDL/KIAA0513_500kb.wgt.RDat	KIAA0513	16	85061375	85127836	0.1861	rs3803630	 -2.99	rs9921436	 7.48e-02	 -7.68	-1.0220	317	 16	enet	0.15304	 9.36e-21	 0.92799	3.53e-01
./fusion_twas/WEIGHTS/LIV_LDL/RP11-473M20.14_500kb.wgt.RDat	RP11-473M20.14	16	 3166043	 3184883	0.2365	rs4786421	  1.98	rs2550392	 2.54e-01	 11.72	-0.3091	130	 26	enet	0.27091	 8.50e-38	-0.29569	7.67e-01
./fusion_twas/WEIGHTS/LIV_LDL/NPIPB4_500kb.wgt.RDat	NPIPB4	16	21845890	21892148	0.2106	rs8054407	 -3.19	rs215897	 3.75e-02	  4.73	 1.7358	 54	 27	enet	0.05706	 1.97e-08	 0.87968	3.79e-01
./fusion_twas/WEIGHTS/LIV_LDL/AMDHD2_500kb.wgt.RDat	AMDHD2	16	 2570358	 2581423	0.0433	rs2238464	  2.73	rs11646366	 6.61e-03	 -3.70	-1.1765	 90	 90	prs	0.01734	 1.49e-03	 2.58001	9.88e-03
./fusion_twas/WEIGHTS/LIV_LDL/CCDC102A_500kb.wgt.RDat	CCDC102A	16	57546090	57570511	0.0948	rs16965220	 -3.40	rs6499882	 6.90e-02	 -6.12	 1.8571	261	  4	lasso	0.06607	 1.52e-09	-1.61025	1.07e-01
./fusion_twas/WEIGHTS/LIV_LDL/ABCC1_500kb.wgt.RDat	ABCC1	16	16043434	16236931	0.0775	rs152023	  3.18	rs246240	 8.89e-03	 -4.33	 1.6812	218	 31	enet	0.02864	 6.03e-05	-1.61527	1.06e-01
./fusion_twas/WEIGHTS/LIV_LDL/PKD1P1_500kb.wgt.RDat	PKD1P1	16	16404198	16428047	0.1455	rs152023	  3.18	rs11647019	 9.01e-02	  0.00	-0.5114	190	  3	lasso	0.11013	 4.18e-15	-0.20060	8.41e-01
./fusion_twas/WEIGHTS/LIV_LDL/WDR59_500kb.wgt.RDat	WDR59	16	74907468	75034071	0.0915	rs4888327	 -2.58	rs11149788	 6.73e-02	 -6.18	-2.0476	134	  2	lasso	0.06156	 5.50e-09	 1.98770	4.68e-02
./fusion_twas/WEIGHTS/LIV_LDL/SLC7A5_500kb.wgt.RDat	SLC7A5	16	87863629	87903094	0.0435	rs997761	 -2.87	rs1007631	 3.33e-02	 -5.00	 0.6296	167	167	prs	0.02338	 2.67e-04	 1.04520	2.96e-01
./fusion_twas/WEIGHTS/LIV_LDL/ACSM5_500kb.wgt.RDat	ACSM5	16	20420856	20452658	0.7388	rs1925518	  2.80	rs11860025	 3.76e-01	-13.87	 1.4019	145	 49	enet	0.58695	4.01e-102	-0.89985	3.68e-01
./fusion_twas/WEIGHTS/LIV_LDL/ZFP90_500kb.wgt.RDat	ZFP90	16	68563993	68609975	0.0479	rs9937080	  2.31	rs4783631	 1.86e-02	 -4.54	-0.2344	 95	 95	prs	0.02557	 1.44e-04	 0.06713	9.46e-01
./fusion_twas/WEIGHTS/LIV_LDL/MTSS1L_500kb.wgt.RDat	MTSS1L	16	70695107	70719969	0.0794	rs2271047	 -2.35	rs2902830	 5.89e-02	 -5.67	 0.6133	 47	  4	lasso	0.05199	 8.31e-08	-0.73684	4.61e-01
./fusion_twas/WEIGHTS/LIV_LDL/C16orf80_500kb.wgt.RDat	C16orf80	16	58147496	58163354	0.0447	rs16959623	 -2.70	rs17821448	 2.31e-03	  4.19	 0.7925	216	 10	enet	0.02450	 1.94e-04	 1.23394	2.17e-01
./fusion_twas/WEIGHTS/LIV_LDL/RP11-958N24.2_500kb.wgt.RDat	RP11-958N24.2	16	16450081	16471364	0.1851	rs152023	  3.18	rs3851706	 9.41e-02	  0.00	 0.0862	190	  5	lasso	0.10895	 5.92e-15	 0.14639	8.84e-01
./fusion_twas/WEIGHTS/LIV_LDL/ZNF200_500kb.wgt.RDat	ZNF200	16	 3272325	 3286221	0.1332	rs17183750	 -2.39	rs3094481	 8.10e-02	  0.00	 1.0313	138	  3	lasso	0.07953	 3.20e-11	 1.08895	2.76e-01
./fusion_twas/WEIGHTS/LIV_LDL/PDXDC1_500kb.wgt.RDat	PDXDC1	16	15068448	15233196	0.0678	rs3198697	  2.59	rs2941256	 1.20e-03	  3.33	-0.3898	 36	 36	blup	0.02834	 6.56e-05	-0.58057	5.62e-01
./fusion_twas/WEIGHTS/LIV_LDL/CAPN15_500kb.wgt.RDat	CAPN15	16	  577717	  604636	0.0269	rs4984672	 -2.59	rs2071978	 4.08e-02	 -4.83	-0.5862	132	  1	lasso	0.03626	 7.02e-06	 0.58621	5.58e-01
./fusion_twas/WEIGHTS/LIV_LDL/BBS2_500kb.wgt.RDat	BBS2	16	56500748	56554195	0.3969	rs7205804	-10.84	rs8060037	 4.59e-01	-15.34	-0.3770	181	 12	enet	0.48269	 1.15e-76	 1.43385	1.52e-01
./fusion_twas/WEIGHTS/LIV_LDL/ZNF23_500kb.wgt.RDat	ZNF23	16	71481500	71496998	0.1921	rs8044335	  8.27	rs13333985	 5.44e-02	  5.98	-3.1724	 97	 21	enet	0.12350	 7.72e-17	-1.30108	1.93e-01
./fusion_twas/WEIGHTS/LIV_LDL/MT1A_500kb.wgt.RDat	MT1A	16	56672578	56673999	0.2164	rs7205804	-10.84	rs8050235	 1.36e-01	  0.00	 0.5577	202	 42	enet	0.18706	 2.00e-25	 0.12285	9.02e-01
./fusion_twas/WEIGHTS/LIV_LDL/ATP6V0D1_500kb.wgt.RDat	ATP6V0D1	16	67471917	67515140	0.0422	rs9033	 -2.16	rs9922624	 1.18e-02	 -4.32	-0.2772	 81	 81	prs	0.02065	 5.80e-04	 1.01929	3.08e-01
./fusion_twas/WEIGHTS/LIV_LDL/MT1DP_500kb.wgt.RDat	MT1DP	16	56677617	56678698	0.2448	rs7205804	-10.84	rs8050235	 2.52e-01	  0.00	 0.5577	202	  2	lasso	0.25279	 5.20e-35	-0.29848	7.65e-01
./fusion_twas/WEIGHTS/LIV_LDL/HN1L_500kb.wgt.RDat	HN1L	16	 1728257	 1752281	0.1236	rs2235646	 -2.39	rs2281230	 1.07e-01	 -7.69	-2.3390	123	  7	lasso	0.14464	 1.25e-19	 2.56824	1.02e-02
./fusion_twas/WEIGHTS/LIV_LDL/GDE1_500kb.wgt.RDat	GDE1	16	19513015	19533467	0.0534	rs227760	 -3.00	rs7135	 2.33e-02	 -5.07	 1.0667	172	172	prs	0.03342	 1.56e-05	-1.82229	6.84e-02
./fusion_twas/WEIGHTS/LIV_LDL/CENPBD1_500kb.wgt.RDat	CENPBD1	16	90036206	90038942	0.1706	rs3826200	 -2.99	rs16966253	 2.52e-02	 -5.06	-0.8018	 91	 17	enet	0.07544	 1.04e-10	-0.37966	7.04e-01
./fusion_twas/WEIGHTS/LIV_LDL/RP11-46C24.7_500kb.wgt.RDat	RP11-46C24.7	16	89281638	89284061	0.0557	rs2608604	 -2.98	rs10400958	 3.88e-02	 -4.71	 1.0504	132	  8	enet	0.03105	 3.06e-05	-0.49897	6.18e-01
./fusion_twas/WEIGHTS/LIV_LDL/ZSCAN32_500kb.wgt.RDat	ZSCAN32	16	 3432085	 3451065	0.0379	rs17183750	 -2.39	rs9934223	-1.09e-03	  0.00	 1.5965	130	130	prs	0.01205	 6.91e-03	 2.06521	3.89e-02
