FILE	ID	CHR	P0	P1	HSQ	BEST.GWAS.ID	BEST.GWAS.Z	EQTL.ID	EQTL.R2	EQTL.Z	EQTL.GWAS.Z	NSNP	NWGT	MODEL	MODELCV.R2	MODELCV.PV	TWAS.Z	TWAS.P
./fusion_twas/WEIGHTS/LIV_LDL/SLC25A11_500kb.wgt.RDat	SLC25A11	17	 4840425	 4843546	0.0503	rs377623	-2.98	rs9905341	 0.036975	 -5.78	-0.6909	188	  7	enet	0.04731	 3.12e-07	 1.55563	1.20e-01
./fusion_twas/WEIGHTS/LIV_LDL/SMIM6_500kb.wgt.RDat	SMIM6	17	73642323	73644057	0.0280	rs1106343	-3.31	rs707707	 0.031032	 -4.76	-0.6182	100	  2	enet	0.01714	 1.58e-03	 0.42070	6.74e-01
./fusion_twas/WEIGHTS/LIV_LDL/TM4SF5_500kb.wgt.RDat	TM4SF5	17	 4675179	 4686506	0.1133	rs377623	-2.98	rs4790603	 0.065393	  0.00	 0.0421	193	  1	lasso	0.05552	 3.06e-08	-2.08784	3.68e-02
./fusion_twas/WEIGHTS/LIV_LDL/CCL14_500kb.wgt.RDat	CCL14	17	34310327	34329100	0.0531	rs17638867	-2.62	rs9892586	 0.045665	 -5.02	 0.2785	 90	  1	lasso	0.04194	 1.42e-06	-0.27848	7.81e-01
./fusion_twas/WEIGHTS/LIV_LDL/LASP1_500kb.wgt.RDat	LASP1	17	37026112	37078023	0.3024	rs2075062	 3.10	rs2241009	 0.224480	 10.76	 0.5902	135	  3	lasso	0.24537	 6.90e-34	 0.60379	5.46e-01
./fusion_twas/WEIGHTS/LIV_LDL/RAP1GAP2_500kb.wgt.RDat	RAP1GAP2	17	 2680350	 2941033	0.0959	NA	   NA	NA	       NA	    NA	     NA	244	  0	lasso	0.08440	 7.83e-12	      NA	      NA
./fusion_twas/WEIGHTS/LIV_LDL/SEPT9_500kb.wgt.RDat	SEPT9	17	75276651	75496678	0.0819	rs9894524	 5.83	rs387774	 0.050314	 -5.27	 2.4154	309	  4	lasso	0.04884	 2.02e-07	-2.31717	2.05e-02
./fusion_twas/WEIGHTS/LIV_LDL/NF1_500kb.wgt.RDat	NF1	17	29421945	29709134	0.1526	rs2953013	-4.45	rs2905794	 0.295912	 12.65	-2.4737	148	  3	lasso	0.29965	 2.33e-42	-2.66885	7.61e-03
./fusion_twas/WEIGHTS/LIV_LDL/TIMP2_500kb.wgt.RDat	TIMP2	17	76849059	76921469	0.0643	rs4969178	-2.97	rs2376999	 0.039364	 -4.81	-1.5488	313	  4	lasso	0.02870	 5.92e-05	 1.49338	1.35e-01
./fusion_twas/WEIGHTS/LIV_LDL/RP11-6N17.4_500kb.wgt.RDat	RP11-6N17.4	17	45968621	45973178	0.3182	rs8065669	 6.54	rs3764396	 0.154638	  9.37	 1.4340	 98	 40	enet	0.21649	 1.28e-29	 0.64424	5.19e-01
./fusion_twas/WEIGHTS/LIV_LDL/EIF4A3_500kb.wgt.RDat	EIF4A3	17	78109013	78120982	0.0434	rs8068433	-3.02	rs12450199	 0.022172	 -3.96	 2.7222	167	  3	lasso	0.02464	 1.87e-04	-1.92198	5.46e-02
./fusion_twas/WEIGHTS/LIV_LDL/RAB34_500kb.wgt.RDat	RAB34	17	27041299	27045447	0.0587	rs9895443	-4.75	rs3093679	 0.010460	 -3.79	-2.2041	111	111	prs	0.02077	 5.60e-04	 2.54606	1.09e-02
./fusion_twas/WEIGHTS/LIV_LDL/FAM211A-AS1_500kb.wgt.RDat	FAM211A-AS1	17	16342136	16381992	0.1812	rs11657647	 2.40	rs3813769	 0.107627	  7.48	-0.3898	 95	 14	enet	0.11714	 5.19e-16	-0.50803	6.11e-01
./fusion_twas/WEIGHTS/LIV_LDL/RP11-676J12.7_500kb.wgt.RDat	RP11-676J12.7	17	  812872	  814452	0.6404	rs8068241	-2.40	rs1703824	 0.584431	 17.34	 0.0000	197	 29	enet	0.67239	2.55e-128	 0.16751	8.67e-01
./fusion_twas/WEIGHTS/LIV_LDL/ATAD5_500kb.wgt.RDat	ATAD5	17	29158988	29222887	0.0427	rs2953013	-4.45	rs9915139	 0.077920	  6.60	-2.6867	 70	  1	lasso	0.07527	 1.09e-10	-2.68675	7.22e-03
./fusion_twas/WEIGHTS/LIV_LDL/TBCD_500kb.wgt.RDat	TBCD	17	80709940	80900724	0.1170	rs7405957	-4.29	rs2264578	 0.041795	  4.81	 0.3571	126	 12	enet	0.03919	 3.08e-06	-1.43866	1.50e-01
./fusion_twas/WEIGHTS/LIV_LDL/AC022596.2_500kb.wgt.RDat	AC022596.2	17	16750949	16756091	0.6645	rs7213482	 2.19	rs11656859	 0.355199	 13.50	 1.4157	122	  8	lasso	0.58594	7.55e-102	 1.57463	1.15e-01
./fusion_twas/WEIGHTS/LIV_LDL/MXRA7_500kb.wgt.RDat	MXRA7	17	74668633	74707098	0.4738	rs8067774	 2.66	rs1005645	 0.346648	 13.67	 0.6339	216	 28	enet	0.62113	6.87e-112	 0.15569	8.76e-01
./fusion_twas/WEIGHTS/LIV_LDL/GLP2R_500kb.wgt.RDat	GLP2R	17	 9725523	 9795419	0.1627	rs418706	-4.06	rs8081471	 0.047550	 -5.96	 0.8889	297	 34	enet	0.10177	 4.93e-14	-2.01160	4.43e-02
./fusion_twas/WEIGHTS/LIV_LDL/SLC25A39_500kb.wgt.RDat	SLC25A39	17	42396993	42402238	0.0465	rs17745948	-2.23	rs2011895	 0.019992	 -3.84	-1.6981	111	111	prs	0.01908	 9.09e-04	 1.55046	1.21e-01
./fusion_twas/WEIGHTS/LIV_LDL/OSBPL7_500kb.wgt.RDat	OSBPL7	17	45884738	45899200	0.0882	rs7225700	-7.82	rs3809863	 0.015310	  0.00	 5.0192	100	 13	enet	0.03146	 2.72e-05	 0.47109	6.38e-01
./fusion_twas/WEIGHTS/LIV_LDL/NLE1_500kb.wgt.RDat	NLE1	17	33455772	33469334	0.0633	rs1860278	-3.08	rs2066505	 0.028045	 -4.12	-1.0339	164	164	prs	0.02549	 1.47e-04	-0.10148	9.19e-01
./fusion_twas/WEIGHTS/LIV_LDL/MYO15B_500kb.wgt.RDat	MYO15B	17	73584139	73622929	0.2454	rs1106343	-3.31	rs746840	 0.062103	 -6.49	 2.2973	110	 19	enet	0.16585	 1.71e-22	-2.04114	4.12e-02
./fusion_twas/WEIGHTS/LIV_LDL/SGSH_500kb.wgt.RDat	SGSH	17	78180515	78194722	0.0992	rs8068433	-3.02	rs3813063	 0.063009	  5.84	 0.2037	179	 11	enet	0.05640	 2.38e-08	 0.34871	7.27e-01
./fusion_twas/WEIGHTS/LIV_LDL/LRRC48_500kb.wgt.RDat	LRRC48	17	17876127	17920203	0.2007	rs9909104	 2.65	rs6502629	 0.062209	  6.09	 0.8679	110	 26	enet	0.08525	 6.13e-12	-0.30093	7.63e-01
./fusion_twas/WEIGHTS/LIV_LDL/LRRC37A16P_500kb.wgt.RDat	LRRC37A16P	17	66121918	66148609	0.0569	rs16972881	 3.79	rs8079078	 0.030643	 -5.06	 0.9123	132	132	prs	0.03158	 2.63e-05	-2.28435	2.24e-02
./fusion_twas/WEIGHTS/LIV_LDL/EIF5A_500kb.wgt.RDat	EIF5A	17	 7210318	 7215774	0.1044	rs11650232	 5.67	rs2269762	 0.045427	  5.25	 0.1852	156	  6	lasso	0.04031	 2.25e-06	 1.26070	2.07e-01
./fusion_twas/WEIGHTS/LIV_LDL/HOXB2_500kb.wgt.RDat	HOXB2	17	46618256	46623441	0.0964	rs12948653	-4.36	rs9904760	 0.066210	 -6.84	-1.3824	134	  9	enet	0.08262	 1.31e-11	 1.91108	5.60e-02
./fusion_twas/WEIGHTS/LIV_LDL/TVP23B_500kb.wgt.RDat	TVP23B	17	18684308	18710027	0.3506	rs9909104	 2.65	rs4244595	 0.346525	 13.38	 1.1731	 55	 24	enet	0.39469	 6.94e-59	 0.68658	4.92e-01
./fusion_twas/WEIGHTS/LIV_LDL/DUSP14_500kb.wgt.RDat	DUSP14	17	35849937	35873603	0.0741	rs2680398	 2.71	rs8073372	-0.001831	  0.00	-0.3000	119	119	prs	0.02047	 6.11e-04	 0.93059	3.52e-01
./fusion_twas/WEIGHTS/LIV_LDL/SPAG7_500kb.wgt.RDat	SPAG7	17	 4862521	 4871167	0.2675	rs377623	-2.98	rs3786044	 0.198296	 10.19	-2.7604	185	  3	lasso	0.23080	 1.03e-31	-2.54443	1.09e-02
./fusion_twas/WEIGHTS/LIV_LDL/NUP88_500kb.wgt.RDat	NUP88	17	 5264258	 5323480	0.1054	rs4985682	-3.00	rs9895272	 0.085411	  0.00	-1.1667	212	 15	enet	0.10014	 7.97e-14	 0.69219	4.89e-01
./fusion_twas/WEIGHTS/LIV_LDL/TMEM98_500kb.wgt.RDat	TMEM98	17	31254928	31272124	0.2853	rs1034593	 3.76	rs10512441	 0.171662	 -9.49	 0.1286	219	  6	lasso	0.27630	 1.22e-38	 0.61485	5.39e-01
./fusion_twas/WEIGHTS/LIV_LDL/KIAA0753_500kb.wgt.RDat	KIAA0753	17	 6481468	 6544247	0.1529	rs9905473	-3.20	rs7221587	 0.120828	 -8.36	-0.6111	269	 21	enet	0.12860	 1.66e-17	 0.98143	3.26e-01
./fusion_twas/WEIGHTS/LIV_LDL/SPATA20_500kb.wgt.RDat	SPATA20	17	48620419	48633213	0.7447	rs16970096	-2.69	rs16949120	 0.174576	-10.83	 0.7342	182	 15	lasso	0.59537	1.88e-104	-0.46604	6.41e-01
./fusion_twas/WEIGHTS/LIV_LDL/SLC39A11_500kb.wgt.RDat	SLC39A11	17	70642088	71088851	0.1114	rs17781029	 2.84	rs6501558	 0.004169	 -3.95	-0.1406	406	 40	enet	0.02797	 7.29e-05	 0.16033	8.73e-01
./fusion_twas/WEIGHTS/LIV_LDL/RP1-178F10.3_500kb.wgt.RDat	RP1-178F10.3	17	18227536	18229211	0.1201	rs9909104	 2.65	rs7207123	 0.154126	  9.07	 1.0364	 81	  1	lasso	0.15144	 1.54e-20	 1.03636	3.00e-01
./fusion_twas/WEIGHTS/LIV_LDL/NTN1_500kb.wgt.RDat	NTN1	17	 8924859	 9147317	0.3000	rs418706	-4.06	rs9893768	 0.272159	-11.91	 2.4935	227	  2	lasso	0.27233	 5.11e-38	-2.47471	1.33e-02
./fusion_twas/WEIGHTS/LIV_LDL/RAD51C_500kb.wgt.RDat	RAD51C	17	56769934	56811703	0.0420	rs12944693	 2.28	rs2680688	 0.042347	  4.84	 0.9643	 95	 95	blup	0.04190	 1.43e-06	 1.88677	5.92e-02
./fusion_twas/WEIGHTS/LIV_LDL/LGALS9_500kb.wgt.RDat	LGALS9	17	25956824	25976586	0.1363	rs11653617	-3.69	rs4794975	 0.117568	 -8.10	 0.8065	115	  3	lasso	0.11673	 5.87e-16	-0.58798	5.57e-01
./fusion_twas/WEIGHTS/LIV_LDL/SLC13A5_500kb.wgt.RDat	SLC13A5	17	 6588032	 6616886	0.0897	rs11650232	 5.67	rs4796346	 0.012422	  0.00	-0.8833	237	 13	enet	0.03248	 2.04e-05	 0.29537	7.68e-01
./fusion_twas/WEIGHTS/LIV_LDL/RNFT1_500kb.wgt.RDat	RNFT1	17	58029601	58042122	0.0772	rs7221815	-3.31	rs7207863	 0.049342	  0.00	 0.1143	 81	  6	lasso	0.04255	 1.19e-06	-0.55348	5.80e-01
./fusion_twas/WEIGHTS/LIV_LDL/SECTM1_500kb.wgt.RDat	SECTM1	17	80278900	80291950	0.1103	rs3744165	-2.60	rs2070871	 0.049862	  0.00	 0.3590	 89	 12	enet	0.05502	 3.52e-08	 0.53861	5.90e-01
./fusion_twas/WEIGHTS/LIV_LDL/MBTD1_500kb.wgt.RDat	MBTD1	17	49254786	49337524	0.0935	rs175391	 2.98	rs2041296	 0.056461	  5.74	-1.4853	164	  3	lasso	0.04170	 1.52e-06	-1.51461	1.30e-01
./fusion_twas/WEIGHTS/LIV_LDL/XAF1_500kb.wgt.RDat	XAF1	17	 6658766	 6678966	0.0759	rs11650232	 5.67	rs17794612	 0.057401	 -5.81	 0.6034	220	  8	enet	0.05398	 4.73e-08	-0.03251	9.74e-01
./fusion_twas/WEIGHTS/LIV_LDL/RSAD1_500kb.wgt.RDat	RSAD1	17	48556161	48563336	0.0872	rs16970096	-2.69	rs7218003	 0.059042	  5.65	-0.5741	191	  3	lasso	0.05422	 4.42e-08	-0.95134	3.41e-01
./fusion_twas/WEIGHTS/LIV_LDL/CDK5RAP3_500kb.wgt.RDat	CDK5RAP3	17	46045176	46059140	0.1176	rs8065669	 6.54	rs757353	 0.041683	 -6.10	 0.2857	101	  5	lasso	0.09703	 1.98e-13	 0.82207	4.11e-01
./fusion_twas/WEIGHTS/LIV_LDL/PSMC5_500kb.wgt.RDat	PSMC5	17	61904512	61909379	0.0710	rs3760257	 3.70	rs9207	 0.126333	 -8.22	 0.1887	130	  7	lasso	0.12328	 8.26e-17	-0.20460	8.38e-01
./fusion_twas/WEIGHTS/LIV_LDL/RNF167_500kb.wgt.RDat	RNF167	17	 4843303	 4848517	0.0730	rs377623	-2.98	rs2240289	 0.024326	 -4.72	-0.3944	189	  4	lasso	0.03599	 7.58e-06	 0.39867	6.90e-01
./fusion_twas/WEIGHTS/LIV_LDL/MED24_500kb.wgt.RDat	MED24	17	38175350	38217468	0.1192	rs2245333	-2.62	rs6503534	 0.106626	  7.49	-2.3077	 99	  3	lasso	0.09529	 3.30e-13	-2.27461	2.29e-02
./fusion_twas/WEIGHTS/LIV_LDL/MYO18A_500kb.wgt.RDat	MYO18A	17	27400528	27507430	0.1383	rs9895443	-4.75	rs17795242	 0.012581	  4.63	 0.8403	106	 29	enet	0.04439	 7.10e-07	 0.16367	8.70e-01
./fusion_twas/WEIGHTS/LIV_LDL/KSR1_500kb.wgt.RDat	KSR1	17	25783670	25953461	0.1014	rs11653617	-3.69	rs3932342	 0.016814	  0.00	-0.4821	122	 17	enet	0.05847	 1.32e-08	-0.99398	3.20e-01
./fusion_twas/WEIGHTS/LIV_LDL/MRPL38_500kb.wgt.RDat	MRPL38	17	73894724	73905899	0.0759	rs1106343	-3.31	rs3643	 0.017368	 -4.37	-0.3269	126	 42	enet	0.02158	 4.45e-04	 0.92644	3.54e-01
./fusion_twas/WEIGHTS/LIV_LDL/CCDC40_500kb.wgt.RDat	CCDC40	17	78010435	78074412	0.3399	rs8068433	-3.02	rs3764438	 0.280808	 12.05	-0.1000	164	  3	lasso	0.31545	 6.03e-45	-0.51442	6.07e-01
./fusion_twas/WEIGHTS/LIV_LDL/ABCA5_500kb.wgt.RDat	ABCA5	17	67240452	67323385	0.3191	rs2886232	 7.05	rs11654323	 0.340599	 13.36	 0.7963	170	  7	enet	0.34136	 2.55e-49	 0.80592	4.20e-01
./fusion_twas/WEIGHTS/LIV_LDL/GEMIN4_500kb.wgt.RDat	GEMIN4	17	  647654	  657239	0.0632	rs8068241	-2.40	rs4354994	 0.064317	  0.00	-1.1111	179	  8	enet	0.05294	 6.34e-08	-1.41639	1.57e-01
./fusion_twas/WEIGHTS/LIV_LDL/AMZ2_500kb.wgt.RDat	AMZ2	17	66243715	66253297	0.0640	rs16972881	 3.79	rs2005775	 0.031212	 -4.84	 2.1034	147	  9	enet	0.02350	 2.58e-04	-2.46815	1.36e-02
./fusion_twas/WEIGHTS/LIV_LDL/GOSR1_500kb.wgt.RDat	GOSR1	17	28804380	28854610	0.0277	rs4794873	-3.20	rs9406	 0.022482	  4.44	-1.0962	 85	 85	prs	0.02973	 4.44e-05	-1.85550	6.35e-02
./fusion_twas/WEIGHTS/LIV_LDL/TMEM199_500kb.wgt.RDat	TMEM199	17	26684604	26708716	0.0411	rs9895443	-4.75	rs2071379	 0.027559	 -5.24	-1.4595	 97	 97	prs	0.03194	 2.38e-05	 1.91326	5.57e-02
./fusion_twas/WEIGHTS/LIV_LDL/XYLT2_500kb.wgt.RDat	XYLT2	17	48423453	48440499	0.2092	rs16970096	-2.69	rs3848456	 0.221500	  0.00	 1.4013	202	  3	lasso	0.22032	 3.54e-30	-0.37675	7.06e-01
./fusion_twas/WEIGHTS/LIV_LDL/TMEM97_500kb.wgt.RDat	TMEM97	17	26646121	26655707	0.0508	rs2043031	-4.57	rs11080054	 0.039454	  4.80	-1.4727	 94	 10	enet	0.03909	 3.16e-06	-1.20980	2.26e-01
./fusion_twas/WEIGHTS/LIV_LDL/UNC119_500kb.wgt.RDat	UNC119	17	26873725	26879686	0.0656	rs9895443	-4.75	rs4795461	 0.042765	  5.48	 0.2405	102	102	prs	0.06222	 4.55e-09	 0.62227	5.34e-01
./fusion_twas/WEIGHTS/LIV_LDL/KCNJ16_500kb.wgt.RDat	KCNJ16	17	68049570	68131749	0.0554	rs1468472	 2.99	rs9902949	 0.008479	 -3.93	-0.1646	150	150	prs	0.02109	 5.12e-04	-0.19626	8.44e-01
./fusion_twas/WEIGHTS/LIV_LDL/FAM117A_500kb.wgt.RDat	FAM117A	17	47787694	47866542	0.0718	rs4794031	 3.08	rs755736	 0.040518	 -4.93	-0.7222	186	186	prs	0.03588	 7.82e-06	-1.06062	2.89e-01
./fusion_twas/WEIGHTS/LIV_LDL/USP43_500kb.wgt.RDat	USP43	17	 9548015	 9633008	0.3526	rs418706	-4.06	rs16958589	 0.373523	 13.94	-2.9206	290	 14	enet	0.36968	 2.67e-54	-3.21709	1.29e-03
./fusion_twas/WEIGHTS/LIV_LDL/USP22_500kb.wgt.RDat	USP22	17	20902910	20947073	0.0818	rs4405604	 2.80	rs9911289	 0.060817	  6.78	-0.8868	 78	  2	lasso	0.08783	 2.90e-12	-0.08653	9.31e-01
./fusion_twas/WEIGHTS/LIV_LDL/LINC00324_500kb.wgt.RDat	LINC00324	17	 8123960	 8127361	0.0700	rs4791641	 5.46	rs307627	 0.041456	  0.00	 1.7465	179	179	prs	0.03850	 3.74e-06	 0.88008	3.79e-01
./fusion_twas/WEIGHTS/LIV_LDL/MKS1_500kb.wgt.RDat	MKS1	17	56282803	56296966	0.0974	rs917606	-2.59	rs8178290	 0.103418	 -7.90	 0.4062	174	  5	enet	0.11824	 3.74e-16	 0.15992	8.73e-01
./fusion_twas/WEIGHTS/LIV_LDL/ACSF2_500kb.wgt.RDat	ACSF2	17	48503519	48552206	0.2061	rs16970096	-2.69	rs17714829	 0.105882	 -7.57	 1.5583	205	  4	lasso	0.13478	 2.55e-18	-1.60199	1.09e-01
./fusion_twas/WEIGHTS/LIV_LDL/FAM101B_500kb.wgt.RDat	FAM101B	17	  289769	  295730	0.1381	rs9674467	 2.44	rs561811	 0.004239	  3.63	 0.9844	128	 43	enet	0.03930	 2.98e-06	 0.28822	7.73e-01
./fusion_twas/WEIGHTS/LIV_LDL/TADA2A_500kb.wgt.RDat	TADA2A	17	35766965	35839835	0.1546	rs2680398	 2.71	rs2522966	 0.172270	  9.58	 0.4259	130	  3	lasso	0.16251	 4.89e-22	 0.45769	6.47e-01
./fusion_twas/WEIGHTS/LIV_LDL/NBR1_500kb.wgt.RDat	NBR1	17	41322498	41363708	0.0254	rs732508	 2.97	rs2298862	 0.026426	 -4.03	-1.2500	106	  1	lasso	0.01856	 1.05e-03	 1.25000	2.11e-01
./fusion_twas/WEIGHTS/LIV_LDL/RP11-156P1.3_500kb.wgt.RDat	RP11-156P1.3	17	45061411	45177689	0.3501	rs7225700	-7.82	rs7221042	 0.220106	 11.33	-0.1071	 90	 12	enet	0.36828	 4.77e-54	-0.14176	8.87e-01
./fusion_twas/WEIGHTS/LIV_LDL/CAMTA2_500kb.wgt.RDat	CAMTA2	17	 4871287	 4890960	0.0907	rs377623	-2.98	rs3786044	-0.000286	 -3.43	-2.7604	188	188	prs	0.01307	 5.13e-03	 2.05044	4.03e-02
./fusion_twas/WEIGHTS/LIV_LDL/DYNLL2_500kb.wgt.RDat	DYNLL2	17	56160776	56172897	0.0748	rs917606	-2.59	rs7220432	 0.018526	 -4.78	-0.6351	211	211	prs	0.03218	 2.22e-05	 0.23984	8.10e-01
./fusion_twas/WEIGHTS/LIV_LDL/LEPREL4_500kb.wgt.RDat	LEPREL4	17	39958199	39968856	0.0364	rs7713	-2.89	rs7216371	-0.001921	  2.94	 0.7835	128	128	prs	0.01247	 6.12e-03	 1.37550	1.69e-01
./fusion_twas/WEIGHTS/LIV_LDL/PTRF_500kb.wgt.RDat	PTRF	17	40554470	40575535	0.0526	rs9907126	-4.10	rs2134808	 0.036698	 -4.74	 1.4677	 74	 74	blup	0.03817	 4.10e-06	-1.15597	2.48e-01
./fusion_twas/WEIGHTS/LIV_LDL/TBC1D16_500kb.wgt.RDat	TBC1D16	17	77906142	78009647	0.0677	rs8068433	-3.02	rs872016	-0.001919	  0.00	 0.8875	177	177	prs	0.02726	 8.91e-05	-2.36721	1.79e-02
./fusion_twas/WEIGHTS/LIV_LDL/UTP6_500kb.wgt.RDat	UTP6	17	30187923	30228784	0.1144	rs10853146	 2.47	rs8079471	 0.027989	  5.08	 1.9242	142	  6	lasso	0.02338	 2.67e-04	 1.80114	7.17e-02
./fusion_twas/WEIGHTS/LIV_LDL/TP53I13_500kb.wgt.RDat	TP53I13	17	27893070	27900175	0.2922	rs1400790	-2.46	rs565977	 0.256575	-11.59	 0.2241	 65	  3	lasso	0.25230	 6.19e-35	-0.25092	8.02e-01
./fusion_twas/WEIGHTS/LIV_LDL/NBR2_500kb.wgt.RDat	NBR2	17	41277627	41305688	0.2375	rs12952407	-3.05	rs8176318	 0.429163	-14.94	-1.3148	103	  6	lasso	0.42789	 2.84e-65	 1.36114	1.73e-01
./fusion_twas/WEIGHTS/LIV_LDL/ITGB3_500kb.wgt.RDat	ITGB3	17	45331263	45421658	0.2357	rs7225700	-7.82	rs7223003	 0.182500	 -9.84	 0.2174	125	  3	lasso	0.18224	 9.42e-25	 0.79814	4.25e-01
./fusion_twas/WEIGHTS/LIV_LDL/DRG2_500kb.wgt.RDat	DRG2	17	17991200	18011285	0.0726	rs9909104	 2.65	rs2975004	 0.018665	  4.45	 0.4043	 97	 97	blup	0.04793	 2.61e-07	 1.02207	3.07e-01
./fusion_twas/WEIGHTS/LIV_LDL/RP13-650J16.1_500kb.wgt.RDat	RP13-650J16.1	17	79995781	79997256	0.0617	rs11653735	 2.49	rs9319620	 0.001501	 -3.06	-0.6173	 58	 58	prs	0.02226	 3.67e-04	 0.22001	8.26e-01
./fusion_twas/WEIGHTS/LIV_LDL/ORMDL3_500kb.wgt.RDat	ORMDL3	17	38077294	38083854	0.0541	rs16965687	-2.49	rs10445308	 0.030173	  5.20	 0.6154	 89	  2	lasso	0.03352	 1.52e-05	 0.75350	4.51e-01
./fusion_twas/WEIGHTS/LIV_LDL/AMZ2P1_500kb.wgt.RDat	AMZ2P1	17	62962668	62971694	0.3327	rs17651039	-2.08	rs4791250	 0.388578	 14.14	 0.4731	122	  7	lasso	0.38822	 1.11e-57	 0.60021	5.48e-01
./fusion_twas/WEIGHTS/LIV_LDL/SGSM2_500kb.wgt.RDat	SGSM2	17	 2240792	 2284352	0.2433	rs2429909	 2.89	rs7213791	 0.174269	 -9.56	 0.5667	175	  2	lasso	0.18698	 2.05e-25	-1.23441	2.17e-01
./fusion_twas/WEIGHTS/LIV_LDL/MYO19_500kb.wgt.RDat	MYO19	17	34851477	34899284	0.0718	rs2306589	 3.08	rs12941866	 0.074736	 -6.75	-1.5778	146	  5	enet	0.07417	 1.50e-10	 2.03221	4.21e-02
./fusion_twas/WEIGHTS/LIV_LDL/FAM20A_500kb.wgt.RDat	FAM20A	17	66531254	66597530	0.1583	rs1373067	 3.98	rs8064607	 0.060181	  0.00	 0.7927	196	 29	enet	0.09015	 1.48e-12	 3.12747	1.76e-03
./fusion_twas/WEIGHTS/LIV_LDL/PLEKHM1_500kb.wgt.RDat	PLEKHM1	17	43513266	43568115	0.0501	NA	   NA	NA	       NA	    NA	     NA	 65	  0	lasso	0.05673	 2.17e-08	      NA	      NA
./fusion_twas/WEIGHTS/LIV_LDL/FBF1_500kb.wgt.RDat	FBF1	17	73905655	73937221	0.0503	rs1106343	-3.31	rs7370	 0.040458	  5.05	-1.6102	126	  3	enet	0.03205	 2.30e-05	-1.64441	1.00e-01
./fusion_twas/WEIGHTS/LIV_LDL/RAB11FIP4_500kb.wgt.RDat	RAB11FIP4	17	29718642	29865236	0.0597	rs2953013	-4.45	rs7221407	 0.049921	 -5.31	-1.2079	143	  3	lasso	0.04372	 8.58e-07	 1.14702	2.51e-01
./fusion_twas/WEIGHTS/LIV_LDL/ACTG1_500kb.wgt.RDat	ACTG1	17	79476997	79490873	0.3106	rs7502521	-2.28	rs7342974	 0.361941	 13.83	-0.1071	 88	  4	lasso	0.36540	 1.56e-53	-0.11264	9.10e-01
./fusion_twas/WEIGHTS/LIV_LDL/PRPSAP1_500kb.wgt.RDat	PRPSAP1	17	74305567	74380602	0.1036	rs1106343	-3.31	rs8074216	 0.026665	  0.00	-0.7639	150	 18	enet	0.04462	 6.65e-07	-0.26275	7.93e-01
./fusion_twas/WEIGHTS/LIV_LDL/RP11-1260E13.4_500kb.wgt.RDat	RP11-1260E13.4	17	  180996	  183279	0.1985	rs9674467	 2.44	rs7224337	 0.029860	  4.11	-0.2407	 98	 98	blup	0.06185	 5.06e-09	-1.22546	2.20e-01
./fusion_twas/WEIGHTS/LIV_LDL/UBE2Z_500kb.wgt.RDat	UBE2Z	17	46985731	47006418	0.0586	rs4794031	 3.08	rs318095	 0.067558	  6.20	-0.6346	169	169	prs	0.05638	 2.39e-08	-0.24812	8.04e-01
./fusion_twas/WEIGHTS/LIV_LDL/TXNDC17_500kb.wgt.RDat	TXNDC17	17	 6544078	 6547861	0.0524	rs9905473	-3.20	rs7221587	 0.029236	 -4.46	-0.6111	243	243	prs	0.02026	 6.49e-04	-1.38414	1.66e-01
./fusion_twas/WEIGHTS/LIV_LDL/YWHAE_500kb.wgt.RDat	YWHAE	17	 1247566	 1303672	0.0591	rs16948748	-3.73	rs11655548	 0.086994	 -6.94	 0.0862	213	  4	lasso	0.07863	 4.15e-11	-0.17564	8.61e-01
./fusion_twas/WEIGHTS/LIV_LDL/COX10-AS1_500kb.wgt.RDat	COX10-AS1	17	13659795	13972812	0.2067	rs1005628	 3.19	rs17669311	 0.040346	  6.90	 1.5000	376	  5	lasso	0.17475	 1.03e-23	 1.58425	1.13e-01
./fusion_twas/WEIGHTS/LIV_LDL/CDK3_500kb.wgt.RDat	CDK3	17	73996987	74002080	0.1359	rs1106343	-3.31	rs12945400	 0.043521	  5.19	-0.7107	123	 47	enet	0.04955	 1.65e-07	-1.89205	5.85e-02
./fusion_twas/WEIGHTS/LIV_LDL/ASB16_500kb.wgt.RDat	ASB16	17	42247815	42256451	0.0667	rs7216471	 2.89	rs11079983	 0.040337	 -5.45	-1.1695	115	115	prs	0.04230	 1.28e-06	 0.81182	4.17e-01
./fusion_twas/WEIGHTS/LIV_LDL/EPN2_500kb.wgt.RDat	EPN2	17	19118928	19240028	0.0695	rs12150592	 2.44	rs2233072	 0.047360	  5.60	-0.4242	114	 11	enet	0.03854	 3.69e-06	-0.63785	5.24e-01
./fusion_twas/WEIGHTS/LIV_LDL/GOSR2_500kb.wgt.RDat	GOSR2	17	45000483	45105003	0.0722	rs7225700	-7.82	rs1662576	 0.076736	  7.25	 1.5556	 90	  3	enet	0.09822	 1.40e-13	 1.48742	1.37e-01
./fusion_twas/WEIGHTS/LIV_LDL/TMC8_500kb.wgt.RDat	TMC8	17	76126851	76139049	0.0979	rs9894524	 5.83	rs17773854	 0.023221	 -4.41	-0.2742	251	 26	enet	0.03784	 4.50e-06	-0.32579	7.45e-01
./fusion_twas/WEIGHTS/LIV_LDL/ICT1_500kb.wgt.RDat	ICT1	17	73008765	73017356	0.1204	rs1171207	-2.74	rs4789114	 0.038954	  5.17	 0.7179	145	 10	enet	0.04224	 1.30e-06	 0.87730	3.80e-01
./fusion_twas/WEIGHTS/LIV_LDL/CNP_500kb.wgt.RDat	CNP	17	40118759	40129749	0.1603	rs9907126	-4.10	rs3744782	 0.093338	  7.21	-1.2333	111	 26	enet	0.10207	 4.52e-14	-1.84149	6.56e-02
./fusion_twas/WEIGHTS/LIV_LDL/STXBP4_500kb.wgt.RDat	STXBP4	17	53046088	53241646	0.0962	rs2958927	-2.86	rs12945393	 0.053715	 -5.47	-0.5636	262	262	prs	0.04775	 2.75e-07	 0.71602	4.74e-01
./fusion_twas/WEIGHTS/LIV_LDL/CCT6B_500kb.wgt.RDat	CCT6B	17	33254878	33308097	0.2353	rs1860278	-3.08	rs234828	 0.193745	-10.05	 0.5263	222	  2	lasso	0.19938	 3.65e-27	-0.50998	6.10e-01
./fusion_twas/WEIGHTS/LIV_LDL/RABEP1_500kb.wgt.RDat	RABEP1	17	 5185558	 5289129	0.0650	rs4985682	-3.00	rs2279962	 0.043439	  0.00	 0.2459	224	  3	lasso	0.04202	 1.39e-06	 0.86570	3.87e-01
./fusion_twas/WEIGHTS/LIV_LDL/CD300LF_500kb.wgt.RDat	CD300LF	17	72690452	72709117	0.3282	rs3809714	 2.85	rs12942311	 0.312358	 12.67	 0.9275	179	  2	lasso	0.31008	 4.63e-44	 0.92771	3.54e-01
./fusion_twas/WEIGHTS/LIV_LDL/ZNF652_500kb.wgt.RDat	ZNF652	17	47366568	47439835	0.0716	rs4794031	 3.08	rs7224806	 0.000514	 -3.44	-0.1651	162	162	prs	0.01895	 9.43e-04	-1.47971	1.39e-01
./fusion_twas/WEIGHTS/LIV_LDL/FN3K_500kb.wgt.RDat	FN3K	17	80693451	80709073	0.0822	rs7405957	-4.29	rs2459703	 0.015645	  4.66	 0.5294	127	127	prs	0.03771	 4.67e-06	 0.56106	5.75e-01
./fusion_twas/WEIGHTS/LIV_LDL/AKAP10_500kb.wgt.RDat	AKAP10	17	19807615	19881656	0.1224	rs16960280	-1.42	rs175922	 0.082977	  6.97	 0.5370	101	 17	enet	0.08379	 9.35e-12	 0.66140	5.08e-01
./fusion_twas/WEIGHTS/LIV_LDL/NCOR1_500kb.wgt.RDat	NCOR1	17	15932471	16121499	0.0647	rs11657647	 2.40	rs178791	 0.082684	  7.64	-1.0769	 93	  8	enet	0.08693	 3.76e-12	-0.89850	3.69e-01
./fusion_twas/WEIGHTS/LIV_LDL/RPS6KB1_500kb.wgt.RDat	RPS6KB1	17	57970447	58027925	0.0330	rs7221815	-3.31	rs2250526	 0.031692	  4.36	 1.3385	 87	  2	lasso	0.02162	 4.40e-04	 1.32814	1.84e-01
./fusion_twas/WEIGHTS/LIV_LDL/WDR45B_500kb.wgt.RDat	WDR45B	17	80572438	80606429	0.1564	rs7405957	-4.29	rs4789704	 0.064660	  5.86	 0.7966	133	 18	enet	0.06797	 8.85e-10	 1.84192	6.55e-02
./fusion_twas/WEIGHTS/LIV_LDL/CD79B_500kb.wgt.RDat	CD79B	17	62006100	62009714	0.0395	rs6504165	-2.33	rs2070720	 0.024632	 -4.89	 0.2222	136	  4	lasso	0.02609	 1.24e-04	-0.24797	8.04e-01
./fusion_twas/WEIGHTS/LIV_LDL/GAA_500kb.wgt.RDat	GAA	17	78075355	78093678	0.0733	rs8068433	-3.02	rs12450199	 0.060709	 -5.67	 2.7222	165	  5	lasso	0.06576	 1.66e-09	-2.96850	2.99e-03
./fusion_twas/WEIGHTS/LIV_LDL/USP36_500kb.wgt.RDat	USP36	17	76783463	76837523	0.0679	rs4969178	-2.97	rs3744800	 0.041097	 -5.15	-0.2453	290	 13	enet	0.04846	 2.25e-07	-1.27689	2.02e-01
./fusion_twas/WEIGHTS/LIV_LDL/TNFSF12_500kb.wgt.RDat	TNFSF12	17	 7452208	 7464925	0.0642	rs11650232	 5.67	rs8068222	 0.008633	  4.04	-0.5370	169	169	prs	0.01706	 1.62e-03	-1.39519	1.63e-01
./fusion_twas/WEIGHTS/LIV_LDL/CTC1_500kb.wgt.RDat	CTC1	17	 8130191	 8151362	0.0688	rs4791641	 5.46	rs3027240	 0.042982	  4.91	 2.5956	183	  1	lasso	0.03662	 6.35e-06	 2.59563	9.44e-03
./fusion_twas/WEIGHTS/LIV_LDL/EFCAB13_500kb.wgt.RDat	EFCAB13	17	45400656	45518678	0.5685	rs7225700	-7.82	rs3809863	 0.339226	 13.22	 5.0192	137	 32	enet	0.52159	 1.64e-85	 6.22503	4.81e-10
./fusion_twas/WEIGHTS/LIV_LDL/MRPL10_500kb.wgt.RDat	MRPL10	17	45900638	45908900	0.0529	rs8065669	 6.54	rs701984	 0.013322	 -4.81	 2.1667	 98	 98	prs	0.02022	 6.56e-04	-0.66565	5.06e-01
./fusion_twas/WEIGHTS/LIV_LDL/ACE_500kb.wgt.RDat	ACE	17	61562184	61599209	0.1172	rs3760257	 3.70	rs2460111	 0.059583	  5.91	 0.3774	104	  6	lasso	0.08885	 2.16e-12	 1.93614	5.28e-02
./fusion_twas/WEIGHTS/LIV_LDL/AC022816.2_500kb.wgt.RDat	AC022816.2	17	14277456	14324343	0.0973	rs1005628	 3.19	rs11652402	-0.001840	  3.18	 0.3077	331	331	blup	0.00527	 5.30e-02	 0.31630	7.52e-01
./fusion_twas/WEIGHTS/LIV_LDL/NUP85_500kb.wgt.RDat	NUP85	17	73201754	73231853	0.1907	rs2290455	 2.74	rs11657106	 0.267278	 11.73	 0.4219	123	  2	lasso	0.26305	 1.40e-36	 0.46720	6.40e-01
./fusion_twas/WEIGHTS/LIV_LDL/PIGL_500kb.wgt.RDat	PIGL	17	16120505	16252115	0.0722	rs11657647	 2.40	rs9905520	 0.076832	  0.00	 0.8955	 84	 14	enet	0.07066	 4.09e-10	 0.23590	8.14e-01
./fusion_twas/WEIGHTS/LIV_LDL/ALOX12P2_500kb.wgt.RDat	ALOX12P2	17	 6757180	 6857426	0.0743	rs11650232	 5.67	rs7215005	 0.004123	 -3.70	 0.0263	224	  7	lasso	0.02387	 2.33e-04	 0.14973	8.81e-01
./fusion_twas/WEIGHTS/LIV_LDL/RTN4RL1_500kb.wgt.RDat	RTN4RL1	17	 1837971	 1928639	0.0782	rs16948748	-3.73	rs9905172	 0.033985	 -4.37	 0.9896	186	186	prs	0.03384	 1.39e-05	-2.00705	4.47e-02
./fusion_twas/WEIGHTS/LIV_LDL/ENGASE_500kb.wgt.RDat	ENGASE	17	77071021	77084681	0.3893	rs8072885	-2.93	rs3803780	 0.081922	 -7.34	-1.6929	260	 54	enet	0.31808	 2.20e-45	-0.46553	6.42e-01
./fusion_twas/WEIGHTS/LIV_LDL/AFMID_500kb.wgt.RDat	AFMID	17	76183398	76203782	0.1755	rs9894524	 5.83	rs9897269	 0.119449	  7.83	-0.3657	244	  2	lasso	0.12511	 4.76e-17	-0.03651	9.71e-01
./fusion_twas/WEIGHTS/LIV_LDL/CTD-2545H1.2_500kb.wgt.RDat	CTD-2545H1.2	17	 1898908	 1906965	0.1549	rs16948748	-3.73	rs12938667	 0.117071	 -7.99	 0.3582	172	  4	lasso	0.11174	 2.59e-15	-0.51591	6.06e-01
./fusion_twas/WEIGHTS/LIV_LDL/PNPO_500kb.wgt.RDat	PNPO	17	46018872	46025654	0.0759	rs8065669	 6.54	rs8074149	 0.006057	  0.00	 4.7547	 96	 17	enet	0.03271	 1.91e-05	-0.00286	9.98e-01
./fusion_twas/WEIGHTS/LIV_LDL/HEXDC_500kb.wgt.RDat	HEXDC	17	80376194	80400521	0.2058	rs3744165	-2.60	rs1141463	 0.182935	  9.85	 0.4068	107	  4	lasso	0.18406	 5.25e-25	 0.41605	6.77e-01
./fusion_twas/WEIGHTS/LIV_LDL/RP11-1055B8.4_500kb.wgt.RDat	RP11-1055B8.4	17	79361930	79364056	0.5978	rs7502521	-2.28	rs1701	 0.268426	-11.81	-0.6935	110	 40	enet	0.29171	 4.43e-41	 1.00444	3.15e-01
./fusion_twas/WEIGHTS/LIV_LDL/SKAP1_500kb.wgt.RDat	SKAP1	17	46210802	46507637	0.2581	rs8065669	 6.54	rs1860862	 0.285094	 12.12	 1.9259	185	 22	enet	0.29291	 2.85e-41	 1.83526	6.65e-02
./fusion_twas/WEIGHTS/LIV_LDL/C1QTNF1_500kb.wgt.RDat	C1QTNF1	17	77018896	77045870	0.1313	rs8072885	-2.93	rs4789912	-0.000597	 -4.14	 0.6377	280	 24	enet	0.04688	 3.51e-07	-0.44026	6.60e-01
./fusion_twas/WEIGHTS/LIV_LDL/MED13_500kb.wgt.RDat	MED13	17	60019966	60142643	0.0398	rs6504084	-2.98	rs12450560	 0.018005	  4.41	-1.1594	106	  4	enet	0.02115	 5.03e-04	-0.64509	5.19e-01
./fusion_twas/WEIGHTS/LIV_LDL/AP2B1_500kb.wgt.RDat	AP2B1	17	33905065	34053436	0.1577	rs17638867	-2.62	rs225306	 0.114418	  7.78	-2.3898	149	 17	enet	0.12119	 1.55e-16	-2.53481	1.13e-02
./fusion_twas/WEIGHTS/LIV_LDL/PGAP3_500kb.wgt.RDat	PGAP3	17	37827375	37853050	0.2338	rs6503534	-2.31	rs903502	 0.366592	 13.75	-1.3077	 97	  4	lasso	0.36410	 2.66e-53	-1.26301	2.07e-01
./fusion_twas/WEIGHTS/LIV_LDL/CD300C_500kb.wgt.RDat	CD300C	17	72537247	72542282	0.1686	rs3809714	 2.85	rs1171196	 0.045083	 -6.10	-2.4651	196	 27	enet	0.10002	 8.26e-14	 1.95082	5.11e-02
./fusion_twas/WEIGHTS/LIV_LDL/CDK5R1_500kb.wgt.RDat	CDK5R1	17	30813637	30818274	0.0525	rs1034593	 3.76	rs537166	 0.011618	  0.00	 1.0541	 92	  2	lasso	0.02209	 3.85e-04	-1.47934	1.39e-01
./fusion_twas/WEIGHTS/LIV_LDL/C17orf100_500kb.wgt.RDat	C17orf100	17	 6554971	 6556791	0.1100	rs9905473	-3.20	rs7208713	 0.039010	  0.00	-0.0440	240	  9	enet	0.08381	 9.30e-12	-0.33062	7.41e-01
./fusion_twas/WEIGHTS/LIV_LDL/SLC38A10_500kb.wgt.RDat	SLC38A10	17	79218800	79269347	0.1024	rs8065459	 2.59	rs2279157	 0.002500	  3.55	 0.2316	143	 22	enet	0.03462	 1.12e-05	 0.92209	3.56e-01
./fusion_twas/WEIGHTS/LIV_LDL/ABCA8_500kb.wgt.RDat	ABCA8	17	66863433	66951533	0.0929	rs2886232	 7.05	rs8071366	 0.022280	 -4.95	 2.8222	207	207	prs	0.03848	 3.76e-06	-2.59349	9.50e-03
./fusion_twas/WEIGHTS/LIV_LDL/TOM1L2_500kb.wgt.RDat	TOM1L2	17	17746828	17875736	0.0613	rs9909104	 2.65	rs7219320	 0.057675	 -6.32	 0.2895	143	143	prs	0.06324	 3.41e-09	-1.19551	2.32e-01
./fusion_twas/WEIGHTS/LIV_LDL/TLCD2_500kb.wgt.RDat	TLCD2	17	 1611064	 1613732	0.0496	rs16948748	-3.73	rs8076112	 0.034600	 -4.39	-0.0714	180	  4	lasso	0.02730	 8.81e-05	 0.18742	8.51e-01
./fusion_twas/WEIGHTS/LIV_LDL/ZSWIM7_500kb.wgt.RDat	ZSWIM7	17	15879874	15903031	0.2705	rs11657647	 2.40	rs8070859	 0.346613	 13.40	-1.1698	 80	  5	lasso	0.34509	 5.78e-50	-1.14443	2.52e-01
./fusion_twas/WEIGHTS/LIV_LDL/DHX58_500kb.wgt.RDat	DHX58	17	40253422	40264751	0.1528	rs9907126	-4.10	rs11079033	 0.105490	 -7.50	-0.9583	 85	  4	lasso	0.11470	 1.07e-15	 1.39443	1.63e-01
./fusion_twas/WEIGHTS/LIV_LDL/RP11-1113L8.1_500kb.wgt.RDat	RP11-1113L8.1	17	19463424	19501235	0.0327	rs11871106	 1.99	rs2247518	 0.039526	 -4.78	 0.0714	 95	  1	lasso	0.03456	 1.14e-05	-0.07143	9.43e-01
./fusion_twas/WEIGHTS/LIV_LDL/RP11-1376P16.2_500kb.wgt.RDat	RP11-1376P16.2	17	80111306	80112691	0.0676	rs11653735	 2.49	rs4246444	 0.008974	 -3.29	 1.9444	 72	 72	blup	0.02174	 4.26e-04	-0.27811	7.81e-01
./fusion_twas/WEIGHTS/LIV_LDL/HELZ_500kb.wgt.RDat	HELZ	17	65066554	65242105	0.0502	rs9893560	-3.26	rs6504487	 0.054640	 -5.49	-1.2308	274	  3	enet	0.04360	 8.87e-07	 1.14985	2.50e-01
./fusion_twas/WEIGHTS/LIV_LDL/KRBA2_500kb.wgt.RDat	KRBA2	17	 8271955	 8280029	0.0504	rs4791641	 5.46	rs1004151	 0.041576	 -5.10	 2.3684	175	  2	lasso	0.02846	 6.34e-05	-2.36845	1.79e-02
./fusion_twas/WEIGHTS/LIV_LDL/ST6GALNAC2_500kb.wgt.RDat	ST6GALNAC2	17	74559792	74583038	0.1806	rs8067774	 2.66	rs752049	 0.076927	  6.57	-0.8750	199	 28	enet	0.09384	 5.05e-13	-1.30397	1.92e-01
./fusion_twas/WEIGHTS/LIV_LDL/HS3ST3B1_500kb.wgt.RDat	HS3ST3B1	17	14204400	14252721	0.2344	rs1005628	 3.19	rs8080388	 0.058311	  0.00	 0.8704	328	 10	lasso	0.14895	 3.33e-20	 1.74661	8.07e-02
./fusion_twas/WEIGHTS/LIV_LDL/SLC16A13_500kb.wgt.RDat	SLC16A13	17	 6939394	 6943440	0.0829	rs11650232	 5.67	rs8078000	 0.024617	  5.22	-0.6418	183	  3	lasso	0.04921	 1.82e-07	-0.19193	8.48e-01
./fusion_twas/WEIGHTS/LIV_LDL/KANSL1-AS1_500kb.wgt.RDat	KANSL1-AS1	17	44270942	44274089	0.2170	rs1396862	 1.67	rs4792886	 0.408330	  0.00	 1.4167	  7	  3	enet	0.44278	 2.94e-68	 1.44091	1.50e-01
./fusion_twas/WEIGHTS/LIV_LDL/ASPA_500kb.wgt.RDat	ASPA	17	 3375668	 3406713	0.2724	rs9891113	-2.79	rs7220982	 0.141469	 -8.63	-1.5192	207	 53	enet	0.16803	 8.64e-23	 1.48160	1.38e-01
./fusion_twas/WEIGHTS/LIV_LDL/KPNA2_500kb.wgt.RDat	KPNA2	17	66031635	66042958	0.0607	rs16972881	 3.79	rs11870068	 0.009111	 -3.62	 2.0781	137	137	prs	0.01784	 1.30e-03	-1.54737	1.22e-01
./fusion_twas/WEIGHTS/LIV_LDL/MINK1_500kb.wgt.RDat	MINK1	17	 4736683	 4801356	0.0591	rs377623	-2.98	rs9895272	 0.043714	  5.02	-1.1667	200	200	prs	0.03592	 7.74e-06	-0.87647	3.81e-01
./fusion_twas/WEIGHTS/LIV_LDL/SRR_500kb.wgt.RDat	SRR	17	 2206677	 2228554	0.1915	rs2429909	 2.89	rs7217992	 0.204473	  0.00	-0.1868	169	  3	lasso	0.21640	 1.32e-29	-0.48463	6.28e-01
./fusion_twas/WEIGHTS/LIV_LDL/PRKAR1A_500kb.wgt.RDat	PRKAR1A	17	66507921	66547460	0.0717	rs1373067	 3.98	rs11651687	 0.012633	  4.30	 0.7812	188	 16	enet	0.02226	 3.68e-04	-0.26095	7.94e-01
./fusion_twas/WEIGHTS/LIV_LDL/AKAP1_500kb.wgt.RDat	AKAP1	17	55162453	55198710	0.0836	rs2332933	 2.73	rs6967	 0.006724	  4.12	-0.0921	236	 18	enet	0.05452	 4.06e-08	 0.56139	5.75e-01
./fusion_twas/WEIGHTS/LIV_LDL/RP11-118B18.1_500kb.wgt.RDat	RP11-118B18.1	17	66587937	66760023	0.4908	rs2886232	 7.05	rs8064607	 0.233879	  0.00	 0.7927	217	 25	enet	0.44221	 3.85e-68	 1.59447	1.11e-01
./fusion_twas/WEIGHTS/LIV_LDL/PDK2_500kb.wgt.RDat	PDK2	17	48172101	48189516	0.0643	rs16970096	-2.69	rs847693	 0.050993	  5.26	-2.4918	177	  8	enet	0.06393	 2.80e-09	-2.36637	1.80e-02
./fusion_twas/WEIGHTS/LIV_LDL/VMO1_500kb.wgt.RDat	VMO1	17	 4688580	 4689728	0.1970	rs377623	-2.98	rs4790229	 0.088350	 -7.63	-1.7683	192	 27	enet	0.16648	 1.41e-22	 0.81940	4.13e-01
./fusion_twas/WEIGHTS/LIV_LDL/ULK2_500kb.wgt.RDat	ULK2	17	19674142	19771249	0.5850	rs11871106	 1.99	rs17794370	 0.245117	-11.32	 0.0476	108	 25	enet	0.29250	 3.31e-41	-0.49988	6.17e-01
./fusion_twas/WEIGHTS/LIV_LDL/NARF_500kb.wgt.RDat	NARF	17	80416056	80448413	0.2837	rs3744165	-2.60	rs11077995	 0.277170	-12.04	 0.2037	123	  2	lasso	0.27674	 1.05e-38	-0.20477	8.38e-01
./fusion_twas/WEIGHTS/LIV_LDL/RAI1_500kb.wgt.RDat	RAI1	17	17584787	17714767	0.0885	rs13284	 2.60	rs7224619	 0.070271	  6.11	-2.2500	161	  4	lasso	0.06428	 2.53e-09	-1.82319	6.83e-02
./fusion_twas/WEIGHTS/LIV_LDL/PIP4K2B_500kb.wgt.RDat	PIP4K2B	17	36921942	36956379	0.1200	rs2075062	 3.10	rs3760144	 0.067740	  6.15	-0.3031	135	  4	lasso	0.08366	 9.71e-12	 0.16769	8.67e-01
./fusion_twas/WEIGHTS/LIV_LDL/RP11-669E14.4_500kb.wgt.RDat	RP11-669E14.4	17	43985036	43988145	0.2256	NA	   NA	NA	       NA	    NA	     NA	  8	  0	lasso	0.42693	 4.41e-65	      NA	      NA
./fusion_twas/WEIGHTS/LIV_LDL/SPAG9_500kb.wgt.RDat	SPAG9	17	49039535	49198226	0.0727	rs175391	 2.98	rs12326011	 0.052378	  5.58	-0.1579	164	  5	lasso	0.04971	 1.58e-07	-0.69624	4.86e-01
./fusion_twas/WEIGHTS/LIV_LDL/SDK2_500kb.wgt.RDat	SDK2	17	71330523	71640228	0.0917	rs731513	-2.86	rs790097	 0.017570	 -4.07	 1.1759	355	355	prs	0.01926	 8.63e-04	-0.63421	5.26e-01
./fusion_twas/WEIGHTS/LIV_LDL/COPRS_500kb.wgt.RDat	COPRS	17	30178883	30186356	0.0607	rs10853146	 2.47	rs9906443	 0.051306	 -5.91	 1.3378	142	  2	lasso	0.06501	 2.06e-09	-1.64127	1.01e-01
./fusion_twas/WEIGHTS/LIV_LDL/TEX2_500kb.wgt.RDat	TEX2	17	62224587	62340661	0.2071	rs8075273	-2.22	rs17641730	 0.166435	  9.44	 0.1852	125	  6	lasso	0.16520	 2.11e-22	 0.07844	9.37e-01
./fusion_twas/WEIGHTS/LIV_LDL/PELP1_500kb.wgt.RDat	PELP1	17	 4574679	 4607632	0.1034	rs377623	-2.98	rs4790689	 0.074059	 -6.46	 1.3281	190	  2	lasso	0.06305	 3.60e-09	-1.37388	1.69e-01
./fusion_twas/WEIGHTS/LIV_LDL/RNMTL1_500kb.wgt.RDat	RNMTL1	17	  685513	  695749	0.0510	rs8068241	-2.40	rs3760495	 0.055239	  5.70	 0.7727	180	  3	lasso	0.03514	 9.64e-06	 0.76226	4.46e-01
./fusion_twas/WEIGHTS/LIV_LDL/RP11-138P22.1_500kb.wgt.RDat	RP11-138P22.1	17	26201671	26208263	0.2296	rs11653617	-3.69	rs3751972	 0.126827	 -8.14	 2.9833	118	  5	lasso	0.18215	 9.70e-25	-4.27974	1.87e-05
./fusion_twas/WEIGHTS/LIV_LDL/CWC25_500kb.wgt.RDat	CWC25	17	36956687	36981734	0.0426	rs2075062	 3.10	rs764190	 0.022891	 -4.51	 1.8763	135	  4	lasso	0.02172	 4.28e-04	-2.17066	3.00e-02
./fusion_twas/WEIGHTS/LIV_LDL/NOL11_500kb.wgt.RDat	NOL11	17	65713949	65740647	0.0465	rs12939848	-3.03	rs1542610	 0.037132	 -4.63	 0.8375	124	  1	lasso	0.02972	 4.44e-05	-0.83750	4.02e-01
./fusion_twas/WEIGHTS/LIV_LDL/TEFM_500kb.wgt.RDat	TEFM	17	29224354	29233838	0.1200	rs2953013	-4.45	rs11080138	 0.063291	 -6.10	-2.6667	 61	 14	enet	0.09127	 1.07e-12	 4.57571	4.75e-06
./fusion_twas/WEIGHTS/LIV_LDL/CCDC47_500kb.wgt.RDat	CCDC47	17	61822610	61853711	0.0923	rs3760257	 3.70	rs9207	 0.139425	 -8.62	 0.1887	125	  6	lasso	0.13679	 1.39e-18	-0.22971	8.18e-01
./fusion_twas/WEIGHTS/LIV_LDL/ARMC7_500kb.wgt.RDat	ARMC7	17	73106047	73126360	0.0727	rs2290455	 2.74	rs1531565	 0.048640	  5.76	 0.5345	136	 12	enet	0.05901	 1.13e-08	 0.47919	6.32e-01
./fusion_twas/WEIGHTS/LIV_LDL/SUMO2_500kb.wgt.RDat	SUMO2	17	73163408	73179078	0.0609	rs2290455	 2.74	rs12453556	 0.083007	 -6.70	 0.9636	123	  2	lasso	0.07804	 4.91e-11	-0.89056	3.73e-01
./fusion_twas/WEIGHTS/LIV_LDL/SLC46A1_500kb.wgt.RDat	SLC46A1	17	26721661	26734215	0.0972	rs9895443	-4.75	rs16964224	 0.068078	  6.11	-2.4200	 93	 18	enet	0.10070	 6.76e-14	-2.44402	1.45e-02
./fusion_twas/WEIGHTS/LIV_LDL/C17orf89_500kb.wgt.RDat	C17orf89	17	79213039	79215081	0.1466	rs8065459	 2.59	rs2725391	 0.137345	  8.76	 0.4528	143	  3	lasso	0.15244	 1.13e-20	 0.48570	6.27e-01
./fusion_twas/WEIGHTS/LIV_LDL/MAP2K6_500kb.wgt.RDat	MAP2K6	17	67410839	67539472	0.0545	rs2886232	 7.05	rs4968857	-0.001916	  3.30	 1.2969	146	146	prs	0.02228	 3.65e-04	-0.92097	3.57e-01
./fusion_twas/WEIGHTS/LIV_LDL/NPLOC4_500kb.wgt.RDat	NPLOC4	17	79523913	79615495	0.0922	rs7502521	-2.28	rs9911383	 0.049712	 -5.55	 0.3605	 86	  4	lasso	0.03556	 8.57e-06	-0.37154	7.10e-01
./fusion_twas/WEIGHTS/LIV_LDL/FTSJ3_500kb.wgt.RDat	FTSJ3	17	61896793	61907372	0.2364	rs3760257	 3.70	rs11654841	 0.423772	-14.81	 0.2642	130	 22	enet	0.42973	 1.23e-65	-0.28264	7.77e-01
./fusion_twas/WEIGHTS/LIV_LDL/BRIP1_500kb.wgt.RDat	BRIP1	17	59758627	59940882	0.0953	rs6504084	-2.98	rs12453935	 0.040917	 -5.37	 0.7273	147	147	prs	0.05504	 3.50e-08	-1.08508	2.78e-01
./fusion_twas/WEIGHTS/LIV_LDL/RPH3AL_500kb.wgt.RDat	RPH3AL	17	   62293	  236045	0.0670	rs9674467	 2.44	rs12947571	-0.001915	 -3.38	 0.3538	112	112	blup	0.01028	 1.16e-02	-0.45736	6.47e-01
./fusion_twas/WEIGHTS/LIV_LDL/ZNF594_500kb.wgt.RDat	ZNF594	17	 5082831	 5095178	0.0552	rs377623	-2.98	rs2439938	 0.042079	 -5.48	-0.9688	177	  6	lasso	0.04844	 2.26e-07	 1.07468	2.83e-01
./fusion_twas/WEIGHTS/LIV_LDL/MAP3K3_500kb.wgt.RDat	MAP3K3	17	61699775	61773663	0.0712	rs3760257	 3.70	rs7211213	 0.062828	  6.15	-1.8966	125	125	prs	0.06239	 4.34e-09	-2.21381	2.68e-02
./fusion_twas/WEIGHTS/LIV_LDL/CCL16_500kb.wgt.RDat	CCL16	17	34303529	34308532	0.2565	rs17638867	-2.62	rs11080369	 0.140914	 -9.11	-2.0267	 89	  6	lasso	0.15056	 2.02e-20	 1.57674	1.15e-01
./fusion_twas/WEIGHTS/LIV_LDL/SMARCE1_500kb.wgt.RDat	SMARCE1	17	38781214	38804760	0.0719	rs2245333	-2.62	rs757411	 0.049829	  6.71	-0.4054	110	110	prs	0.05580	 2.82e-08	-0.23359	8.15e-01
./fusion_twas/WEIGHTS/LIV_LDL/PCTP_500kb.wgt.RDat	PCTP	17	53828340	53920191	0.0829	rs9892784	 2.08	rs2960058	 0.011723	  4.63	-0.7625	221	 13	enet	0.05858	 1.28e-08	 0.06198	9.51e-01
./fusion_twas/WEIGHTS/LIV_LDL/COX11_500kb.wgt.RDat	COX11	17	53029263	53046146	0.2145	rs2958927	-2.86	rs6504909	 0.175283	  0.00	 0.4127	215	 16	enet	0.18977	 8.34e-26	-0.27066	7.87e-01
./fusion_twas/WEIGHTS/LIV_LDL/TBC1D3F_500kb.wgt.RDat	TBC1D3F	17	36283971	36294915	0.1280	rs4794756	-2.30	rs11868136	 0.043134	 -4.78	-1.1290	112	112	prs	0.04982	 1.53e-07	-0.91292	3.61e-01
./fusion_twas/WEIGHTS/LIV_LDL/C17orf51_500kb.wgt.RDat	C17orf51	17	21428051	21477722	0.6532	rs6565378	 2.77	rs7217052	 0.715966	-19.16	-0.2143	 65	 13	enet	0.72392	1.16e-147	 0.41451	6.79e-01
./fusion_twas/WEIGHTS/LIV_LDL/SYNRG_500kb.wgt.RDat	SYNRG	17	35874900	35969544	0.1090	rs2680398	 2.71	rs9892460	 0.078098	  6.43	 0.7273	119	  4	lasso	0.11187	 2.49e-15	 0.84023	4.01e-01
./fusion_twas/WEIGHTS/LIV_LDL/SREBF1_500kb.wgt.RDat	SREBF1	17	17713713	17740325	0.0354	rs13284	 2.60	rs1242488	 0.005665	  3.43	 0.9508	143	 15	enet	0.01588	 2.27e-03	 1.86178	6.26e-02
./fusion_twas/WEIGHTS/LIV_LDL/SAT2_500kb.wgt.RDat	SAT2	17	 7529552	 7531194	0.1634	rs11650232	 5.67	rs7211847	 0.166719	  9.39	-0.2222	181	  5	lasso	0.16563	 1.84e-22	-0.66831	5.04e-01
./fusion_twas/WEIGHTS/LIV_LDL/RP11-524F11.1_500kb.wgt.RDat	RP11-524F11.1	17	17410665	17411622	0.0620	rs10521328	 2.46	rs4646383	 0.007042	 -4.05	 0.1696	138	138	prs	0.02107	 5.15e-04	-0.65152	5.15e-01
./fusion_twas/WEIGHTS/LIV_LDL/SLC2A4_500kb.wgt.RDat	SLC2A4	17	 7184986	 7191576	0.2775	rs11650232	 5.67	rs5412	 0.212112	 10.56	 1.5577	161	  5	lasso	0.23973	 4.84e-33	 0.39118	6.96e-01
./fusion_twas/WEIGHTS/LIV_LDL/COX10_500kb.wgt.RDat	COX10	17	13972813	14111994	0.3864	rs1005628	 3.19	rs1802618	 0.333935	 13.09	-2.1892	343	 26	enet	0.39768	 1.91e-59	-1.35301	1.76e-01
./fusion_twas/WEIGHTS/LIV_LDL/SKA2_500kb.wgt.RDat	SKA2	17	57187312	57232630	0.0358	rs9908925	-2.62	rs302868	 0.011384	 -3.99	 0.0545	 85	 85	prs	0.02731	 8.79e-05	 0.21959	8.26e-01
./fusion_twas/WEIGHTS/LIV_LDL/SNX11_500kb.wgt.RDat	SNX11	17	46180719	46200436	0.1701	rs8065669	 6.54	rs7220520	 0.235850	-11.09	 1.0000	126	 13	enet	0.23496	 2.48e-32	-1.79937	7.20e-02
./fusion_twas/WEIGHTS/LIV_LDL/SCRN2_500kb.wgt.RDat	SCRN2	17	45915058	45918699	0.4475	rs8065669	 6.54	rs1996521	 0.291178	  0.00	-0.7456	 97	 32	enet	0.40057	 5.43e-60	 2.13271	3.29e-02
./fusion_twas/WEIGHTS/LIV_LDL/CHAD_500kb.wgt.RDat	CHAD	17	48541857	48546327	0.2696	rs16970096	-2.69	rs7218003	 0.255449	-11.51	-0.5741	194	 16	enet	0.27660	 1.10e-38	 0.22071	8.25e-01
./fusion_twas/WEIGHTS/LIV_LDL/DUSP3_500kb.wgt.RDat	DUSP3	17	41843489	41856356	0.1240	rs732508	 2.97	rs1234612	 0.111903	 -7.65	-0.0172	120	  3	lasso	0.10943	 5.14e-15	-0.15378	8.78e-01
./fusion_twas/WEIGHTS/LIV_LDL/VPS53_500kb.wgt.RDat	VPS53	17	  411908	  624957	0.1985	rs9674467	 2.44	rs1237094	 0.102096	 -7.40	 1.6852	209	209	prs	0.16215	 5.48e-22	-1.12321	2.61e-01
./fusion_twas/WEIGHTS/LIV_LDL/DDX52_500kb.wgt.RDat	DDX52	17	35969787	36003493	0.1083	rs2680398	 2.71	rs3813910	 0.072344	 -6.50	 1.6176	112	  2	lasso	0.07082	 3.91e-10	-1.67761	9.34e-02
./fusion_twas/WEIGHTS/LIV_LDL/ENPP7_500kb.wgt.RDat	ENPP7	17	77704681	77716021	0.6214	rs8068433	-3.02	rs8072274	 0.555907	 16.87	 1.4000	217	  4	lasso	0.55551	 7.90e-94	 1.41008	1.59e-01
./fusion_twas/WEIGHTS/LIV_LDL/SLFN11_500kb.wgt.RDat	SLFN11	17	33677324	33700720	0.1008	rs17638867	-2.62	rs1383541	 0.005335	 -4.34	 0.1731	127	127	prs	0.04990	 1.50e-07	-0.66652	5.05e-01
./fusion_twas/WEIGHTS/LIV_LDL/SARM1_500kb.wgt.RDat	SARM1	17	26691378	26728065	0.0467	rs9895443	-4.75	rs9913210	 0.002403	 -3.76	-2.5577	 98	 98	blup	0.01027	 1.17e-02	-0.86816	3.85e-01
./fusion_twas/WEIGHTS/LIV_LDL/HEATR6_500kb.wgt.RDat	HEATR6	17	58120555	58156292	0.1095	rs7221815	-3.31	rs8066241	 0.082642	  6.75	-0.2989	 74	  4	lasso	0.07875	 4.01e-11	-0.20920	8.34e-01
./fusion_twas/WEIGHTS/LIV_LDL/ARSG_500kb.wgt.RDat	ARSG	17	66255323	66418872	0.2162	rs1373067	 3.98	rs2005775	 0.117049	  7.83	 2.1034	188	 37	enet	0.15576	 4.03e-21	-0.15212	8.79e-01
./fusion_twas/WEIGHTS/LIV_LDL/TRIM37_500kb.wgt.RDat	TRIM37	17	57059999	57184282	0.0886	rs9908925	-2.62	rs3826353	 0.140249	 -8.90	-0.7407	101	101	prs	0.14268	 2.29e-19	 0.90135	3.67e-01
./fusion_twas/WEIGHTS/LIV_LDL/MYH3_500kb.wgt.RDat	MYH3	17	10531843	10560626	0.0734	rs11868948	 3.16	rs2662959	 0.029170	  4.96	 1.4727	227	  4	lasso	0.05481	 3.73e-08	 1.26430	2.06e-01
./fusion_twas/WEIGHTS/LIV_LDL/PRKCA_500kb.wgt.RDat	PRKCA	17	64298754	64806861	0.2663	rs4791079	 4.22	rs17643302	 0.068497	 -6.73	 1.8000	301	 54	enet	0.11008	 4.25e-15	 0.50251	6.15e-01
./fusion_twas/WEIGHTS/LIV_LDL/CTC-524C5.2_500kb.wgt.RDat	CTC-524C5.2	17	 5328459	 5336196	0.1011	rs4985682	-3.00	rs8072363	 0.111972	  7.66	-1.0299	208	  3	lasso	0.10790	 8.08e-15	-1.04249	2.97e-01
./fusion_twas/WEIGHTS/LIV_LDL/NXN_500kb.wgt.RDat	NXN	17	  702553	  883010	0.5085	rs8068241	-2.40	rs1703824	 0.325499	 12.92	 0.0000	217	 46	enet	0.42208	 3.97e-64	-0.10035	9.20e-01
./fusion_twas/WEIGHTS/LIV_LDL/YBX2_500kb.wgt.RDat	YBX2	17	 7191571	 7197934	0.2540	rs11650232	 5.67	rs5412	 0.232019	 10.92	 1.5577	161	  2	lasso	0.23022	 1.25e-31	 1.49549	1.35e-01
./fusion_twas/WEIGHTS/LIV_LDL/SLC16A11_500kb.wgt.RDat	SLC16A11	17	 6944949	 6947242	0.1132	rs11650232	 5.67	rs8078000	 0.004083	 -4.56	-0.6418	182	182	prs	0.03406	 1.31e-05	-1.07764	2.81e-01
./fusion_twas/WEIGHTS/LIV_LDL/MIS12_500kb.wgt.RDat	MIS12	17	 5389605	 5394134	0.0434	rs4985682	-3.00	rs8072363	 0.009707	 -4.59	-1.0299	211	  5	enet	0.03895	 3.30e-06	 0.84420	3.99e-01
./fusion_twas/WEIGHTS/LIV_LDL/KPNB1_500kb.wgt.RDat	KPNB1	17	45726842	45762871	0.1190	rs7225700	-7.82	rs8065669	 0.146029	 -8.75	 6.5405	125	  2	lasso	0.14318	 1.97e-19	-6.53711	6.27e-11
./fusion_twas/WEIGHTS/LIV_LDL/GP1BA_500kb.wgt.RDat	GP1BA	17	 4835592	 4838325	0.2068	rs377623	-2.98	rs2243102	 0.215760	 10.59	-0.8333	191	 20	enet	0.22957	 1.56e-31	-1.03936	2.99e-01
./fusion_twas/WEIGHTS/LIV_LDL/B3GNTL1_500kb.wgt.RDat	B3GNTL1	17	80900031	81009686	0.0537	rs7405957	-4.29	rs12450046	 0.009297	 -3.97	 1.6875	115	115	prs	0.01410	 3.80e-03	 0.05561	9.56e-01
./fusion_twas/WEIGHTS/LIV_LDL/BRCA1_500kb.wgt.RDat	BRCA1	17	41196312	41277500	0.2691	rs11651246	-3.35	rs915945	 0.507028	-16.23	-1.2321	106	  4	lasso	0.51119	 4.44e-83	 1.25496	2.09e-01
./fusion_twas/WEIGHTS/LIV_LDL/DDX42_500kb.wgt.RDat	DDX42	17	61850963	61896677	0.0477	rs3760257	 3.70	rs1982400	 0.071969	  6.25	 0.2453	128	  3	lasso	0.07605	 8.73e-11	 0.55323	5.80e-01
./fusion_twas/WEIGHTS/LIV_LDL/TMEM105_500kb.wgt.RDat	TMEM105	17	79285074	79304474	0.5913	rs8065459	 2.59	rs7223219	 0.517196	 16.32	-0.1807	128	 15	enet	0.54081	 3.79e-90	-0.47240	6.37e-01
./fusion_twas/WEIGHTS/LIV_LDL/ALKBH5_500kb.wgt.RDat	ALKBH5	17	18086392	18113268	0.0334	rs9909104	 2.65	rs12936694	 0.039227	  5.04	 0.2264	 87	 87	prs	0.03138	 2.78e-05	 0.44513	6.56e-01
./fusion_twas/WEIGHTS/LIV_LDL/SPNS2_500kb.wgt.RDat	SPNS2	17	 4402133	 4442330	0.1002	rs781825	 3.20	rs6502788	 0.029276	 -6.01	 0.5932	198	  3	lasso	0.05761	 1.69e-08	-0.61042	5.42e-01
./fusion_twas/WEIGHTS/LIV_LDL/SHPK_500kb.wgt.RDat	SHPK	17	 3511556	 3539616	0.1157	rs781825	 3.20	rs17707155	 0.086395	  6.92	 0.0156	198	  3	lasso	0.08981	 1.63e-12	 0.40952	6.82e-01
./fusion_twas/WEIGHTS/LIV_LDL/LLGL1_500kb.wgt.RDat	LLGL1	17	18128901	18148189	0.0915	rs9909104	 2.65	rs2015336	 0.014875	 -5.49	 2.5075	 84	 10	enet	0.06389	 2.83e-09	-1.99816	4.57e-02
./fusion_twas/WEIGHTS/LIV_LDL/SPECC1_500kb.wgt.RDat	SPECC1	17	19912657	20222339	0.0679	rs1815569	 1.92	rs12453720	 0.038216	 -5.08	 0.0656	 98	 98	prs	0.03951	 2.81e-06	-0.69419	4.88e-01
./fusion_twas/WEIGHTS/LIV_LDL/CYGB_500kb.wgt.RDat	CYGB	17	74523438	74547257	0.2556	rs8067774	 2.66	rs752049	 0.268991	-11.77	-0.8750	188	  1	lasso	0.26824	 2.21e-37	 0.87500	3.82e-01
./fusion_twas/WEIGHTS/LIV_LDL/C17orf80_500kb.wgt.RDat	C17orf80	17	71228372	71245091	0.1579	rs17781029	 2.84	rs2713992	 0.164321	  0.00	 0.0685	281	  2	lasso	0.16339	 3.72e-22	-0.41277	6.80e-01
./fusion_twas/WEIGHTS/LIV_LDL/TEN1-CDK3_500kb.wgt.RDat	TEN1-CDK3	17	73975312	74002080	0.1330	rs1106343	-3.31	rs2069528	 0.099029	 -7.45	-0.7121	125	  1	lasso	0.09534	 3.25e-13	 0.71212	4.76e-01
./fusion_twas/WEIGHTS/LIV_LDL/TUBG2_500kb.wgt.RDat	TUBG2	17	40811323	40819024	0.1390	rs9907126	-4.10	rs4028634	 0.113347	  8.53	 0.7593	 76	 76	blup	0.16290	 4.33e-22	-1.09748	2.72e-01
./fusion_twas/WEIGHTS/LIV_LDL/TTC19_500kb.wgt.RDat	TTC19	17	15902694	15948329	0.1585	rs11657647	 2.40	rs758853	 0.312462	-12.75	-1.0769	 84	  4	lasso	0.31201	 2.23e-44	 0.99795	3.18e-01
./fusion_twas/WEIGHTS/LIV_LDL/TRPV2_500kb.wgt.RDat	TRPV2	17	16318856	16340317	0.0637	rs11657647	 2.40	rs11574935	-0.001888	  3.37	-0.6567	 90	 90	blup	0.01576	 2.35e-03	-0.68124	4.96e-01
./fusion_twas/WEIGHTS/LIV_LDL/SGCA_500kb.wgt.RDat	SGCA	17	48241575	48253292	0.4303	rs16970096	-2.69	rs2586471	 0.476664	 15.63	 0.9298	181	 12	enet	0.48450	 4.58e-77	 1.09376	2.74e-01
./fusion_twas/WEIGHTS/LIV_LDL/EFTUD2_500kb.wgt.RDat	EFTUD2	17	42927311	42977030	0.0548	NA	   NA	NA	       NA	    NA	     NA	131	  0	lasso	0.04758	 2.89e-07	      NA	      NA
./fusion_twas/WEIGHTS/LIV_LDL/FADS6_500kb.wgt.RDat	FADS6	17	72873428	72889708	0.4503	rs1171207	-2.74	rs513167	 0.233234	 10.97	 0.6222	158	  7	lasso	0.24688	 4.09e-34	 0.57883	5.63e-01
./fusion_twas/WEIGHTS/LIV_LDL/WIPI1_500kb.wgt.RDat	WIPI1	17	66417089	66453654	0.2249	rs1373067	 3.98	rs888298	 0.167041	  9.57	-0.3396	181	  6	lasso	0.24136	 2.76e-33	-0.03618	9.71e-01
./fusion_twas/WEIGHTS/LIV_LDL/STX8_500kb.wgt.RDat	STX8	17	 9153788	 9479908	0.2878	rs418706	-4.06	rs4791838	 0.034587	 -5.99	-1.8571	296	 39	enet	0.20919	 1.45e-28	 0.64466	5.19e-01
./fusion_twas/WEIGHTS/LIV_LDL/SPNS3_500kb.wgt.RDat	SPNS3	17	 4336983	 4391503	0.0583	rs781825	 3.20	rs333122	 0.015800	 -4.18	 0.6308	202	  7	enet	0.03726	 5.30e-06	-0.82676	4.08e-01
./fusion_twas/WEIGHTS/LIV_LDL/CTC-297N7.9_500kb.wgt.RDat	CTC-297N7.9	17	10644584	10672333	0.1859	rs11868948	 3.16	rs411511	 0.162360	 -9.25	 1.3846	198	  5	lasso	0.20021	 2.79e-27	-0.52708	5.98e-01
./fusion_twas/WEIGHTS/LIV_LDL/PLD2_500kb.wgt.RDat	PLD2	17	 4710391	 4726729	0.2443	rs377623	-2.98	rs2286670	 0.138962	  8.59	 0.5054	194	 20	enet	0.15949	 1.26e-21	-0.06871	9.45e-01
./fusion_twas/WEIGHTS/LIV_LDL/FLCN_500kb.wgt.RDat	FLCN	17	17115526	17140502	0.2865	rs10521328	 2.46	rs1708618	 0.324948	-12.91	-0.5926	140	  3	lasso	0.32832	 4.24e-47	 0.46922	6.39e-01
./fusion_twas/WEIGHTS/LIV_LDL/CENPV_500kb.wgt.RDat	CENPV	17	16245848	16256970	0.0447	rs11657647	 2.40	rs3112521	 0.021489	  4.10	-0.9818	 81	 81	prs	0.02343	 2.64e-04	-1.07563	2.82e-01
./fusion_twas/WEIGHTS/LIV_LDL/PCGF2_500kb.wgt.RDat	PCGF2	17	36890150	36906070	0.0915	rs2075062	 3.10	rs12937167	 0.051372	  5.41	 0.5556	132	132	prs	0.03855	 3.69e-06	 0.21320	8.31e-01
./fusion_twas/WEIGHTS/LIV_LDL/MRPL45P2_500kb.wgt.RDat	MRPL45P2	17	45527934	45569858	0.0727	rs7225700	-7.82	rs7222225	 0.054057	 -5.83	-4.7170	125	125	prs	0.05407	 4.61e-08	 4.15152	3.30e-05
./fusion_twas/WEIGHTS/LIV_LDL/ATPAF2_500kb.wgt.RDat	ATPAF2	17	17880723	17942523	0.1167	rs9909104	 2.65	rs11652819	 0.087019	 -6.75	-0.2215	108	  5	lasso	0.11842	 3.54e-16	 0.19936	8.42e-01
./fusion_twas/WEIGHTS/LIV_LDL/SRCIN1_500kb.wgt.RDat	SRCIN1	17	36686251	36762183	0.0586	rs2075062	 3.10	rs4795311	-0.000452	  3.13	 1.0286	115	115	prs	0.01785	 1.29e-03	 0.91534	3.60e-01
./fusion_twas/WEIGHTS/LIV_LDL/ATP1B2_500kb.wgt.RDat	ATP1B2	17	 7549945	 7561086	0.1063	rs11650232	 5.67	rs4227	 0.023146	 -4.94	-0.1525	182	  4	lasso	0.06487	 2.14e-09	 1.89910	5.76e-02
./fusion_twas/WEIGHTS/LIV_LDL/TBKBP1_500kb.wgt.RDat	TBKBP1	17	45771447	45789416	0.2131	rs7225700	-7.82	rs8078309	 0.235724	 11.09	-4.3208	121	  6	lasso	0.21823	 7.15e-30	-4.86310	1.16e-06
./fusion_twas/WEIGHTS/LIV_LDL/NEK8_500kb.wgt.RDat	NEK8	17	27052915	27070473	0.0410	rs9895443	-4.75	rs12602520	 0.009561	  3.90	-3.5495	113	113	prs	0.01379	 4.16e-03	-4.08845	4.34e-05
./fusion_twas/WEIGHTS/LIV_LDL/ELAC2_500kb.wgt.RDat	ELAC2	17	12895708	12921504	0.1990	rs7214329	 2.88	rs2523	 0.194955	-10.04	-0.1071	243	  2	lasso	0.21910	 5.32e-30	 0.18644	8.52e-01
./fusion_twas/WEIGHTS/LIV_LDL/GSDMB_500kb.wgt.RDat	GSDMB	17	38060848	38076107	0.0307	rs16965687	-2.49	rs8065126	 0.011277	  4.31	 2.0000	 90	  4	enet	0.01320	 4.95e-03	 1.45038	1.47e-01
./fusion_twas/WEIGHTS/LIV_LDL/CPD_500kb.wgt.RDat	CPD	17	28705923	28797007	0.0713	rs4794873	-3.20	rs7219163	 0.036372	  0.00	-0.8846	 83	 83	prs	0.06748	 1.02e-09	 1.77872	7.53e-02
./fusion_twas/WEIGHTS/LIV_LDL/CTC-297N7.5_500kb.wgt.RDat	CTC-297N7.5	17	10633094	10718481	0.1915	rs11868948	 3.16	rs17816912	 0.137270	  8.51	 1.0133	215	 29	enet	0.13964	 5.81e-19	 0.47573	6.34e-01
./fusion_twas/WEIGHTS/LIV_LDL/GALK1_500kb.wgt.RDat	GALK1	17	73747675	73761792	0.4685	rs1106343	-3.31	rs8067076	 0.308996	 13.13	-2.2586	109	 38	enet	0.48795	 8.00e-78	-3.48091	5.00e-04
./fusion_twas/WEIGHTS/LIV_LDL/RPA1_500kb.wgt.RDat	RPA1	17	 1732996	 1803376	0.1882	rs16948748	-3.73	rs7503422	 0.118078	 -8.03	-0.3333	181	  7	lasso	0.15998	 1.08e-21	 0.18246	8.55e-01
./fusion_twas/WEIGHTS/LIV_LDL/SLC47A1_500kb.wgt.RDat	SLC47A1	17	19398698	19482347	0.2536	rs11871106	 1.99	rs2247518	 0.107496	 -7.65	 0.0714	 97	 15	enet	0.13751	 1.11e-18	-0.15016	8.81e-01
./fusion_twas/WEIGHTS/LIV_LDL/SMYD4_500kb.wgt.RDat	SMYD4	17	 1682779	 1733928	0.0621	rs16948748	-3.73	rs12600664	 0.007419	 -4.30	-0.1515	180	180	prs	0.02977	 4.38e-05	-0.05111	9.59e-01
./fusion_twas/WEIGHTS/LIV_LDL/UNC13D_500kb.wgt.RDat	UNC13D	17	73823306	73840798	0.0528	rs1106343	-3.31	rs936393	 0.033240	 -5.12	-3.0000	123	 10	enet	0.03774	 4.64e-06	 3.22823	1.25e-03
./fusion_twas/WEIGHTS/LIV_LDL/SHMT1_500kb.wgt.RDat	SHMT1	17	18231187	18266856	0.7459	rs9909104	 2.65	rs12946752	 0.288551	-12.21	-2.5893	 82	 22	enet	0.51660	 2.44e-84	 1.15649	2.47e-01
./fusion_twas/WEIGHTS/LIV_LDL/ANKRD40_500kb.wgt.RDat	ANKRD40	17	48770551	48785285	0.1503	rs16970096	-2.69	rs2286650	 0.139062	 -8.73	 0.9828	161	  6	lasso	0.14779	 4.76e-20	-0.81085	4.17e-01
./fusion_twas/WEIGHTS/LIV_LDL/GGA3_500kb.wgt.RDat	GGA3	17	73232694	73258444	0.0405	rs2290455	 2.74	rs9909306	 0.019269	  4.36	-0.0141	120	120	prs	0.02710	 9.32e-05	 1.02691	3.04e-01
./fusion_twas/WEIGHTS/LIV_LDL/GPRC5C_500kb.wgt.RDat	GPRC5C	17	72420990	72447792	0.2332	rs3809714	 2.85	rs2706526	 0.191504	  9.99	 1.3846	209	  2	lasso	0.18940	 9.40e-26	 1.37931	1.68e-01
./fusion_twas/WEIGHTS/LIV_LDL/ABCA10_500kb.wgt.RDat	ABCA10	17	67143355	67240987	0.3322	rs2886232	 7.05	rs11654323	 0.300768	-12.56	 0.7963	195	 31	enet	0.33253	 8.22e-48	-1.37402	1.69e-01
./fusion_twas/WEIGHTS/LIV_LDL/RASD1_500kb.wgt.RDat	RASD1	17	17397751	17399709	0.0527	rs10521328	 2.46	rs9905479	 0.021055	  0.00	-0.0619	140	140	prs	0.01773	 1.33e-03	 1.00145	3.17e-01
./fusion_twas/WEIGHTS/LIV_LDL/RP11-104J23.1_500kb.wgt.RDat	RP11-104J23.1	17	34328458	34338658	0.2494	rs17638867	-2.62	rs860559	 0.165715	 10.36	 0.6712	 85	  4	lasso	0.23353	 4.05e-32	 0.57720	5.64e-01
./fusion_twas/WEIGHTS/LIV_LDL/MRPS7_500kb.wgt.RDat	MRPS7	17	73257755	73262454	0.0895	rs2290455	 2.74	rs2242231	 0.159303	 -9.11	 0.3714	117	  3	lasso	0.15484	 5.37e-21	-0.34717	7.28e-01
./fusion_twas/WEIGHTS/LIV_LDL/OGFOD3_500kb.wgt.RDat	OGFOD3	17	80347099	80376513	0.2465	rs3744165	-2.60	rs1141463	 0.207870	-10.57	 0.4068	 97	  6	enet	0.22990	 1.39e-31	 0.07647	9.39e-01
./fusion_twas/WEIGHTS/LIV_LDL/RHOT1_500kb.wgt.RDat	RHOT1	17	30469473	30580393	0.0327	rs1034593	 3.76	rs11658469	 0.000537	 -3.91	 0.9315	141	141	prs	0.01551	 2.53e-03	-1.00048	3.17e-01
./fusion_twas/WEIGHTS/LIV_LDL/MYO15A_500kb.wgt.RDat	MYO15A	17	18012020	18083116	0.0944	rs9909104	 2.65	rs854771	 0.029063	 -5.49	 0.0185	 97	 97	blup	0.08787	 2.87e-12	 0.88951	3.74e-01
./fusion_twas/WEIGHTS/LIV_LDL/NMT1_500kb.wgt.RDat	NMT1	17	43128978	43186384	0.2267	rs11079382	-3.19	rs1053733	 0.205812	 10.64	-1.6053	118	 16	enet	0.23922	 5.76e-33	-2.16698	3.02e-02
./fusion_twas/WEIGHTS/LIV_LDL/CBX1_500kb.wgt.RDat	CBX1	17	46147414	46178883	0.0837	rs8065669	 6.54	rs8082043	 0.027804	  4.74	-0.1273	124	  8	lasso	0.04426	 7.38e-07	-0.14452	8.85e-01
./fusion_twas/WEIGHTS/LIV_LDL/NLGN2_500kb.wgt.RDat	NLGN2	17	 7308193	 7323179	0.1235	rs11650232	 5.67	rs4796362	 0.055546	  0.00	 0.3036	167	167	blup	0.06810	 8.50e-10	 2.13763	3.25e-02
./fusion_twas/WEIGHTS/LIV_LDL/TMEM104_500kb.wgt.RDat	TMEM104	17	72772622	72835918	0.0775	rs1171207	-2.74	rs9900615	 0.054578	  0.00	 0.7887	174	  5	enet	0.06434	 2.49e-09	-0.90476	3.66e-01
./fusion_twas/WEIGHTS/LIV_LDL/SUPT6H_500kb.wgt.RDat	SUPT6H	17	26989109	27029697	0.0374	rs9895443	-4.75	rs7215315	 0.008305	  3.57	-0.2533	110	110	prs	0.01233	 6.37e-03	 0.89717	3.70e-01
./fusion_twas/WEIGHTS/LIV_LDL/SLC16A3_500kb.wgt.RDat	SLC16A3	17	80186273	80219005	0.0826	rs11653735	 2.49	rs4789671	 0.002665	 -4.22	 1.0755	 80	 22	enet	0.01957	 7.89e-04	-1.42297	1.55e-01
./fusion_twas/WEIGHTS/LIV_LDL/DGKE_500kb.wgt.RDat	DGKE	17	54911460	54946036	0.1649	rs9652853	-2.33	rs7224488	 0.076366	  7.22	 0.0476	197	  6	enet	0.10974	 4.69e-15	-0.87726	3.80e-01
./fusion_twas/WEIGHTS/LIV_LDL/EFNB3_500kb.wgt.RDat	EFNB3	17	 7608520	 7614696	0.0908	rs7503353	 4.92	rs390200	 0.078035	  0.00	 2.1897	183	  1	lasso	0.09310	 6.25e-13	-1.54098	1.23e-01
./fusion_twas/WEIGHTS/LIV_LDL/PITPNC1_500kb.wgt.RDat	PITPNC1	17	65373575	65693372	0.1954	rs12939848	-3.03	rs7224314	 0.124015	  8.60	-0.4783	198	  4	lasso	0.20831	 1.94e-28	 1.21982	2.23e-01
./fusion_twas/WEIGHTS/LIV_LDL/AC111186.1_500kb.wgt.RDat	AC111186.1	17	73070401	73075644	0.3091	rs7223674	 2.70	rs4789128	 0.286928	 12.18	-0.9825	131	 15	enet	0.32254	 3.98e-46	-1.00526	3.15e-01
./fusion_twas/WEIGHTS/LIV_LDL/PSMD3_500kb.wgt.RDat	PSMD3	17	38137050	38154213	0.0469	rs2245333	-2.62	rs2827	 0.023004	 -4.73	-1.6197	 93	  4	lasso	0.02631	 1.16e-04	 1.66445	9.60e-02
./fusion_twas/WEIGHTS/LIV_LDL/TMEM220_500kb.wgt.RDat	TMEM220	17	10602332	10633633	0.6664	rs11868948	 3.16	rs411511	 0.702936	 18.97	 1.3846	205	 19	enet	0.70620	1.24e-140	 1.56788	1.17e-01
./fusion_twas/WEIGHTS/LIV_LDL/AC099684.1_500kb.wgt.RDat	AC099684.1	17	 1921010	 1924000	0.1948	rs16948748	-3.73	rs12938667	 0.123043	 -8.03	 0.3582	176	 14	enet	0.15015	 2.30e-20	 0.16347	8.70e-01
./fusion_twas/WEIGHTS/LIV_LDL/DHRS7B_500kb.wgt.RDat	DHRS7B	17	21026677	21096578	0.0606	rs4405604	 2.80	rs11657348	 0.029724	  5.11	-1.0536	 79	 79	prs	0.03414	 1.28e-05	-0.00919	9.93e-01
./fusion_twas/WEIGHTS/LIV_LDL/WDR81_500kb.wgt.RDat	WDR81	17	 1619817	 1641893	0.0702	rs16948748	-3.73	rs7221974	 0.001379	  3.32	 0.3281	183	183	prs	0.03001	 4.09e-05	-0.65725	5.11e-01
./fusion_twas/WEIGHTS/LIV_LDL/CCL23_500kb.wgt.RDat	CCL23	17	34340096	34345005	0.1573	rs17638867	-2.62	rs854678	 0.067857	  6.09	-0.8333	 86	 17	enet	0.12322	 8.41e-17	-1.03880	2.99e-01
./fusion_twas/WEIGHTS/LIV_LDL/C1QBP_500kb.wgt.RDat	C1QBP	17	 5336097	 5352150	0.0554	rs4985682	-3.00	rs1050390	 0.040998	  5.26	-0.8636	214	  2	lasso	0.05308	 6.09e-08	-1.23451	2.17e-01
./fusion_twas/WEIGHTS/LIV_LDL/ARL16_500kb.wgt.RDat	ARL16	17	79648204	79650954	0.4863	rs7502521	-2.28	rs7502521	 0.377623	-14.11	-2.2812	 69	 26	enet	0.46161	 3.79e-72	 2.24151	2.50e-02
./fusion_twas/WEIGHTS/LIV_LDL/PEMT_500kb.wgt.RDat	PEMT	17	17408877	17495022	0.1255	rs10521328	 2.46	rs4985779	 0.085393	  0.00	-0.4940	147	  2	lasso	0.10931	 5.32e-15	 1.42914	1.53e-01
./fusion_twas/WEIGHTS/LIV_LDL/LIG3_500kb.wgt.RDat	LIG3	17	33307513	33332083	0.2545	rs1860278	-3.08	rs10853174	 0.256204	-11.85	 1.3111	212	  3	lasso	0.28819	 1.61e-40	-1.48506	1.38e-01
./fusion_twas/WEIGHTS/LIV_LDL/TEN1_500kb.wgt.RDat	TEN1	17	73975301	73996667	0.3204	rs1106343	-3.31	rs2069528	 0.226598	-10.87	-0.7121	121	  2	lasso	0.22131	 2.54e-30	 0.59708	5.50e-01
./fusion_twas/WEIGHTS/LIV_LDL/SH3GL1P3_500kb.wgt.RDat	SH3GL1P3	17	66130816	66131745	0.0462	rs16972881	 3.79	rs12944140	 0.010514	 -3.83	-1.4380	126	126	prs	0.02414	 2.15e-04	 1.92095	5.47e-02
./fusion_twas/WEIGHTS/LIV_LDL/LINC00910_500kb.wgt.RDat	LINC00910	17	41447213	41466567	0.0747	rs732508	 2.97	rs11651623	 0.025196	  5.25	-1.2593	109	109	prs	0.04634	 4.10e-07	-1.49214	1.36e-01
./fusion_twas/WEIGHTS/LIV_LDL/SLFN5_500kb.wgt.RDat	SLFN5	17	33570055	33600674	0.4560	rs17638867	-2.62	rs11867191	 0.560500	-16.95	 0.3585	135	 17	enet	0.58511	1.28e-101	 0.33849	7.35e-01
./fusion_twas/WEIGHTS/LIV_LDL/PRPSAP2_500kb.wgt.RDat	PRPSAP2	17	18743398	18834581	0.0923	rs9909104	 2.65	rs11078421	 0.111802	  7.90	-0.9811	 55	 55	prs	0.12890	 1.52e-17	-0.87086	3.84e-01
./fusion_twas/WEIGHTS/LIV_LDL/TRIM65_500kb.wgt.RDat	TRIM65	17	73876416	73893084	0.1015	rs1106343	-3.31	rs930297	 0.018657	  0.00	 2.3500	125	  5	lasso	0.07379	 1.67e-10	-1.60316	1.09e-01
./fusion_twas/WEIGHTS/LIV_LDL/TOM1L1_500kb.wgt.RDat	TOM1L1	17	52976748	53039310	0.0390	rs2958927	-2.86	rs3087650	 0.005103	 -4.11	-0.2203	215	215	prs	0.02469	 1.84e-04	-1.03477	3.01e-01
./fusion_twas/WEIGHTS/LIV_LDL/TSEN54_500kb.wgt.RDat	TSEN54	17	73512141	73520820	0.0544	rs1106343	-3.31	rs902726	 0.008385	  0.00	 0.0702	118	118	prs	0.01971	 7.58e-04	 1.30050	1.93e-01
./fusion_twas/WEIGHTS/LIV_LDL/SMARCD2_500kb.wgt.RDat	SMARCD2	17	61909444	61920425	0.0676	rs3760257	 3.70	rs9207	 0.062092	 -5.95	 0.1887	130	 17	enet	0.06285	 3.80e-09	-0.27372	7.84e-01
./fusion_twas/WEIGHTS/LIV_LDL/ZNF232_500kb.wgt.RDat	ZNF232	17	 5008836	 5026411	0.1210	rs377623	-2.98	rs3031	 0.085746	  7.46	-0.0545	172	172	prs	0.12015	 2.11e-16	 1.06997	2.85e-01
./fusion_twas/WEIGHTS/LIV_LDL/INCA1_500kb.wgt.RDat	INCA1	17	 4891425	 4900905	0.0502	rs377623	-2.98	rs17633650	 0.016316	  4.83	 0.0385	184	184	prs	0.02734	 8.71e-05	-1.01244	3.11e-01
./fusion_twas/WEIGHTS/LIV_LDL/ABCC3_500kb.wgt.RDat	ABCC3	17	48712138	48769613	0.1268	rs16970096	-2.69	rs2189595	 0.079502	  6.55	 1.3750	173	 21	enet	0.10828	 7.22e-15	 1.29633	1.95e-01
./fusion_twas/WEIGHTS/LIV_LDL/PSMB3_500kb.wgt.RDat	PSMB3	17	36908989	36920484	0.1863	rs2075062	 3.10	rs2338115	 0.182684	  9.71	 1.6757	133	  3	lasso	0.18617	 2.67e-25	 1.54717	1.22e-01
./fusion_twas/WEIGHTS/LIV_LDL/TRIM16L_500kb.wgt.RDat	TRIM16L	17	18601311	18639431	0.3475	rs9909104	 2.65	rs7220364	 0.198418	-11.04	 0.0308	 64	  9	lasso	0.31052	 3.92e-44	 0.36834	7.13e-01
./fusion_twas/WEIGHTS/LIV_LDL/RP11-166P13.3_500kb.wgt.RDat	RP11-166P13.3	17	55155659	55162385	0.1030	rs2332933	 2.73	rs998113	 0.103975	 -7.48	 0.5472	227	  2	enet	0.10417	 2.43e-14	-0.69334	4.88e-01
./fusion_twas/WEIGHTS/LIV_LDL/BZRAP1_500kb.wgt.RDat	BZRAP1	17	56378592	56406152	0.2995	rs917606	-2.59	rs10515157	 0.192528	  9.99	 0.7971	149	 15	enet	0.24891	 2.02e-34	 1.28410	1.99e-01
./fusion_twas/WEIGHTS/LIV_LDL/MIR22HG_500kb.wgt.RDat	MIR22HG	17	 1614805	 1620468	0.0800	rs16948748	-3.73	rs3809872	 0.035869	 -4.52	 0.0758	183	 17	enet	0.02229	 3.64e-04	 1.10794	2.68e-01
./fusion_twas/WEIGHTS/LIV_LDL/MSL1_500kb.wgt.RDat	MSL1	17	38278551	38293042	0.1846	rs2245333	-2.62	rs2715554	 0.091247	 -7.05	 0.8488	103	 29	enet	0.09739	 1.78e-13	-0.51071	6.10e-01
./fusion_twas/WEIGHTS/LIV_LDL/SLC25A19_500kb.wgt.RDat	SLC25A19	17	73269073	73285591	0.1306	rs2290455	 2.74	rs4789182	 0.097930	 -7.78	 1.5517	118	 12	enet	0.13830	 8.73e-19	-1.10930	2.67e-01
./fusion_twas/WEIGHTS/LIV_LDL/ACBD4_500kb.wgt.RDat	ACBD4	17	43209967	43221548	0.0470	rs11079382	-3.19	rs12449933	 0.024335	 -4.12	-2.4848	104	104	blup	0.02848	 6.31e-05	 3.03791	2.38e-03
./fusion_twas/WEIGHTS/LIV_LDL/LRRC37A17P_500kb.wgt.RDat	LRRC37A17P	17	45055847	45131935	0.0282	rs7225700	-7.82	rs1713493	 0.007760	 -3.78	 2.6833	 90	 90	blup	0.01460	 3.29e-03	-1.36539	1.72e-01
./fusion_twas/WEIGHTS/LIV_LDL/C17orf75_500kb.wgt.RDat	C17orf75	17	30651584	30677042	0.0582	rs1034593	 3.76	rs11080180	 0.031469	  5.57	 0.3846	 93	 93	prs	0.04671	 3.69e-07	-0.43090	6.67e-01
./fusion_twas/WEIGHTS/LIV_LDL/CRK_500kb.wgt.RDat	CRK	17	 1323983	 1366456	0.0979	rs16948748	-3.73	rs6416877	 0.055994	  6.38	-1.4638	202	202	blup	0.07712	 6.41e-11	 0.07164	9.43e-01
./fusion_twas/WEIGHTS/LIV_LDL/CLEC10A_500kb.wgt.RDat	CLEC10A	17	 6977856	 6983626	0.0982	rs11650232	 5.67	rs3785794	 0.002075	  4.00	 1.4673	189	 22	enet	0.01841	 1.10e-03	 1.28343	1.99e-01
./fusion_twas/WEIGHTS/LIV_LDL/RP11-1055B8.7_500kb.wgt.RDat	RP11-1055B8.7	17	79373540	79433357	0.1252	rs7502521	-2.28	rs1701	 0.041617	 -5.10	-0.6935	108	108	blup	0.02531	 1.55e-04	 0.29263	7.70e-01
./fusion_twas/WEIGHTS/LIV_LDL/ZNF18_500kb.wgt.RDat	ZNF18	17	11880756	11900827	0.0980	rs9303041	 2.42	rs3785944	 0.071635	  6.43	-1.1964	188	  6	lasso	0.05492	 3.63e-08	-1.19529	2.32e-01
./fusion_twas/WEIGHTS/LIV_LDL/NT5C3B_500kb.wgt.RDat	NT5C3B	17	39981335	39992523	0.5548	rs7713	-2.89	rs3744782	 0.537881	 16.68	-1.2333	124	 46	enet	0.56164	 2.13e-95	-1.32548	1.85e-01
./fusion_twas/WEIGHTS/LIV_LDL/TOP3A_500kb.wgt.RDat	TOP3A	17	18174742	18218321	0.1366	rs9909104	 2.65	rs4925159	 0.112026	 -7.80	-0.2432	 84	  8	enet	0.11653	 6.23e-16	-0.70780	4.79e-01
./fusion_twas/WEIGHTS/LIV_LDL/TMEM99_500kb.wgt.RDat	TMEM99	17	38975358	38992522	0.1660	rs2245333	-2.62	rs2715554	 0.172694	  0.00	 0.8488	121	  2	lasso	0.20519	 5.42e-28	 0.75088	4.53e-01
./fusion_twas/WEIGHTS/LIV_LDL/CASC3_500kb.wgt.RDat	CASC3	17	38296571	38328436	0.0871	rs2245333	-2.62	rs11871303	 0.008909	 -4.16	 0.0880	106	 27	enet	0.04903	 1.92e-07	-0.13792	8.90e-01
./fusion_twas/WEIGHTS/LIV_LDL/CYB5D2_500kb.wgt.RDat	CYB5D2	17	 4046462	 4090605	0.1409	rs781825	 3.20	rs8066337	 0.167436	  9.35	 1.9688	187	  4	lasso	0.18394	 5.45e-25	 1.99181	4.64e-02
./fusion_twas/WEIGHTS/LIV_LDL/CNTNAP1_500kb.wgt.RDat	CNTNAP1	17	40834631	40851832	0.0380	rs9907126	-4.10	rs3817331	 0.030349	 -4.39	 0.7778	 80	  3	lasso	0.02300	 2.98e-04	-0.84431	3.98e-01
./fusion_twas/WEIGHTS/LIV_LDL/DDX5_500kb.wgt.RDat	DDX5	17	62495734	62504317	0.0406	rs2008896	-2.19	rs1991401	 0.046838	 -5.15	-1.5556	 90	  4	lasso	0.03518	 9.53e-06	 1.64933	9.91e-02
./fusion_twas/WEIGHTS/LIV_LDL/DBF4B_500kb.wgt.RDat	DBF4B	17	42785976	42829632	0.3609	rs11079382	-3.19	rs16970944	 0.360428	-13.60	-1.0833	139	  5	lasso	0.38631	 2.50e-57	 1.52215	1.28e-01
./fusion_twas/WEIGHTS/LIV_LDL/NAGLU_500kb.wgt.RDat	NAGLU	17	40688190	40696467	0.1986	rs9907126	-4.10	rs1032070	 0.141540	 -8.73	 1.9828	 80	  4	lasso	0.19297	 2.95e-26	-1.36061	1.74e-01
./fusion_twas/WEIGHTS/LIV_LDL/CHMP6_500kb.wgt.RDat	CHMP6	17	78965398	78983317	0.1723	rs8065459	 2.59	rs4453556	 0.114053	  0.00	 0.2642	159	  2	lasso	0.11130	 2.95e-15	-0.63396	5.26e-01
./fusion_twas/WEIGHTS/LIV_LDL/CNTROB_500kb.wgt.RDat	CNTROB	17	 7835419	 7853236	0.0618	rs4791641	 5.46	rs4791443	 0.059208	 -5.80	 0.4808	193	  2	lasso	0.04633	 4.11e-07	-0.46395	6.43e-01
./fusion_twas/WEIGHTS/LIV_LDL/CARD14_500kb.wgt.RDat	CARD14	17	78143791	78183130	0.3610	rs8068433	-3.02	rs3813063	 0.204345	 10.42	 0.2037	179	 36	enet	0.22337	 1.27e-30	 0.86411	3.88e-01
./fusion_twas/WEIGHTS/LIV_LDL/NSRP1_500kb.wgt.RDat	NSRP1	17	28442539	28513493	0.0189	rs4794873	-3.20	rs3809790	 0.025833	  4.01	 1.1509	 73	  5	enet	0.01905	 9.15e-04	-0.17107	8.64e-01
./fusion_twas/WEIGHTS/LIV_LDL/DHX33_500kb.wgt.RDat	DHX33	17	 5344232	 5372380	0.1475	rs4985682	-3.00	rs238247	 0.097241	  0.00	-1.1321	219	 18	enet	0.11278	 1.90e-15	-1.75185	7.98e-02
./fusion_twas/WEIGHTS/LIV_LDL/HEXIM2_500kb.wgt.RDat	HEXIM2	17	43238067	43247407	0.0520	rs11079382	-3.19	rs17628000	 0.028082	  4.16	 0.7579	103	 15	enet	0.02430	 2.06e-04	 1.26239	2.07e-01
./fusion_twas/WEIGHTS/LIV_LDL/LINC00482_500kb.wgt.RDat	LINC00482	17	79277571	79283048	0.2976	rs8065459	 2.59	rs7223219	 0.254531	 11.54	-0.1807	133	  8	enet	0.25677	 1.29e-35	-0.13906	8.89e-01
./fusion_twas/WEIGHTS/LIV_LDL/CDC42EP4_500kb.wgt.RDat	CDC42EP4	17	71279763	71308314	0.0621	rs731513	-2.86	rs2567524	 0.005715	  0.00	-0.6604	278	 21	enet	0.02807	 7.07e-05	-0.25185	8.01e-01
./fusion_twas/WEIGHTS/LIV_LDL/RNF157_500kb.wgt.RDat	RNF157	17	74138534	74236454	0.1802	rs1106343	-3.31	rs10512607	 0.171736	  9.43	-0.2407	145	  3	lasso	0.17376	 1.41e-23	-0.22385	8.23e-01
./fusion_twas/WEIGHTS/LIV_LDL/C17orf67_500kb.wgt.RDat	C17orf67	17	54869274	54916134	0.2714	rs9652853	-2.33	rs10515134	 0.144566	  8.65	-1.6990	206	  5	lasso	0.17849	 3.12e-24	-0.95883	3.38e-01
./fusion_twas/WEIGHTS/LIV_LDL/SMG8_500kb.wgt.RDat	SMG8	17	57286761	57292608	0.1337	rs7221815	-3.31	rs6503905	 0.157382	 -9.12	-0.9492	 79	  7	lasso	0.15596	 3.78e-21	 0.94913	3.43e-01
./fusion_twas/WEIGHTS/LIV_LDL/FN3KRP_500kb.wgt.RDat	FN3KRP	17	80674559	80688204	0.8074	rs7405957	-4.29	rs2459703	 0.421796	-14.70	 0.5294	129	 10	lasso	0.67589	1.55e-129	-0.29140	7.71e-01
./fusion_twas/WEIGHTS/LIV_LDL/CCDC57_500kb.wgt.RDat	CCDC57	17	80059336	80170706	0.0475	rs11653735	 2.49	rs7226049	 0.052598	  5.50	 1.1509	 83	  2	lasso	0.04305	 1.04e-06	 1.06787	2.86e-01
./fusion_twas/WEIGHTS/LIV_LDL/RAB40B_500kb.wgt.RDat	RAB40B	17	80612849	80656604	0.0335	rs7405957	-4.29	rs11653899	 0.036941	  4.63	 1.5652	132	  1	lasso	0.02850	 6.26e-05	 1.56522	1.18e-01
./fusion_twas/WEIGHTS/LIV_LDL/ELP5_500kb.wgt.RDat	ELP5	17	 7154735	 7163259	0.1502	rs11650232	 5.67	rs222843	 0.206612	 10.51	 2.4909	165	  4	lasso	0.20686	 3.13e-28	 2.55348	1.07e-02
./fusion_twas/WEIGHTS/LIV_LDL/CTC-297N7.8_500kb.wgt.RDat	CTC-297N7.8	17	10575791	10579323	0.3220	rs11868948	 3.16	rs2662959	 0.337366	 13.25	 1.4727	208	  9	enet	0.33327	 6.17e-48	 1.56737	1.17e-01
./fusion_twas/WEIGHTS/LIV_LDL/ASGR2_500kb.wgt.RDat	ASGR2	17	 7004641	 7019019	0.2754	rs11650232	 5.67	rs314224	 0.164150	  9.85	 0.6923	188	  7	lasso	0.24758	 3.20e-34	 0.79420	4.27e-01
./fusion_twas/WEIGHTS/LIV_LDL/KANSL1_500kb.wgt.RDat	KANSL1	17	44107282	44302733	0.2155	rs7224296	 2.28	rs4792886	 0.098516	  0.00	 1.4167	  8	  1	enet	0.14037	 4.64e-19	-1.01887	3.08e-01
./fusion_twas/WEIGHTS/LIV_LDL/ADPRM_500kb.wgt.RDat	ADPRM	17	10600911	10614550	0.0709	rs11868948	 3.16	rs411511	 0.022180	 -4.12	 1.3846	198	198	prs	0.02013	 6.73e-04	-0.21480	8.30e-01
./fusion_twas/WEIGHTS/LIV_LDL/DHRS11_500kb.wgt.RDat	DHRS11	17	34948228	34957235	0.0465	rs2306589	 3.08	rs9906189	 0.005062	  4.04	 1.8077	131	131	prs	0.02276	 3.19e-04	 1.43355	1.52e-01
./fusion_twas/WEIGHTS/LIV_LDL/CHRNB1_500kb.wgt.RDat	CHRNB1	17	 7348380	 7361026	0.0617	rs11650232	 5.67	rs11078685	 0.070281	  6.23	-0.1351	168	  2	lasso	0.05483	 3.71e-08	-0.13436	8.93e-01
./fusion_twas/WEIGHTS/LIV_LDL/SHBG_500kb.wgt.RDat	SHBG	17	 7517382	 7536700	0.0588	rs11650232	 5.67	rs727428	 0.061677	 -5.86	 2.1053	184	  3	lasso	0.05610	 2.59e-08	-1.68696	9.16e-02
./fusion_twas/WEIGHTS/LIV_LDL/ABCA9_500kb.wgt.RDat	ABCA9	17	66970629	67057205	0.1042	rs2886232	 7.05	rs11871944	 0.065750	 -6.25	-0.2982	208	208	prs	0.05827	 1.40e-08	 0.76204	4.46e-01
./fusion_twas/WEIGHTS/LIV_LDL/ATP5G1_500kb.wgt.RDat	ATP5G1	17	46970127	46973233	0.1311	rs4794031	 3.08	rs12941604	 0.076564	  6.34	-0.9351	163	 17	enet	0.08535	 5.95e-12	-1.05035	2.94e-01
./fusion_twas/WEIGHTS/LIV_LDL/CTNS_500kb.wgt.RDat	CTNS	17	 3539762	 3564836	0.1199	rs781825	 3.20	rs161370	 0.086916	 -6.82	-0.7742	194	194	prs	0.06216	 4.64e-09	 1.76020	7.84e-02
./fusion_twas/WEIGHTS/LIV_LDL/MRC2_500kb.wgt.RDat	MRC2	17	60704762	60770958	0.0575	rs7503503	-2.69	rs954563	 0.026353	  4.13	 0.1500	 77	  3	lasso	0.03708	 5.58e-06	-0.59235	5.54e-01
./fusion_twas/WEIGHTS/LIV_LDL/PLXDC1_500kb.wgt.RDat	PLXDC1	17	37219556	37310647	0.0402	rs2075062	 3.10	rs3744077	 0.034262	 -4.50	 0.0345	132	  3	lasso	0.02613	 1.23e-04	-0.18575	8.53e-01
./fusion_twas/WEIGHTS/LIV_LDL/SUZ12P_500kb.wgt.RDat	SUZ12P	17	29036317	29117926	0.0400	rs2953013	-4.45	rs8082537	 0.041342	 -5.02	-3.1125	 78	 78	prs	0.03628	 6.99e-06	 3.07512	2.10e-03
./fusion_twas/WEIGHTS/LIV_LDL/SERPINF1_500kb.wgt.RDat	SERPINF1	17	 1665253	 1680868	0.1858	rs16948748	-3.73	rs11658342	 0.123336	  8.63	-0.1455	180	  5	lasso	0.17488	 9.85e-24	-0.06324	9.50e-01
./fusion_twas/WEIGHTS/LIV_LDL/TNFSF13_500kb.wgt.RDat	TNFSF13	17	 7461609	 7464925	0.0818	rs11650232	 5.67	rs1619016	 0.026997	  4.52	 2.3924	166	166	prs	0.02916	 5.21e-05	 1.19210	2.33e-01
./fusion_twas/WEIGHTS/LIV_LDL/NPEPPS_500kb.wgt.RDat	NPEPPS	17	45600308	45700642	0.0501	rs7225700	-7.82	rs16947078	 0.014180	  3.77	-1.5231	130	130	prs	0.01496	 2.97e-03	-2.89405	3.80e-03
