FILE	ID	CHR	P0	P1	HSQ	BEST.GWAS.ID	BEST.GWAS.Z	EQTL.ID	EQTL.R2	EQTL.Z	EQTL.GWAS.Z	NSNP	NWGT	MODEL	MODELCV.R2	MODELCV.PV	TWAS.Z	TWAS.P
./fusion_twas/WEIGHTS/LIV_LDL/AP1B1_500kb.wgt.RDat	AP1B1	22	29723669	29819168	0.4296	rs4823054	 5.83	rs131190	 0.114724	  7.77	-0.1316	135	 24	enet	0.27829	 5.97e-39	-1.42e+00	0.154706
./fusion_twas/WEIGHTS/LIV_LDL/RRP7A_500kb.wgt.RDat	RRP7A	22	42905974	42915808	0.5408	rs5758894	 2.19	rs7287384	 0.240430	 11.19	-0.2195	129	 25	enet	0.26756	 2.82e-37	-4.04e-01	0.686076
./fusion_twas/WEIGHTS/LIV_LDL/CBY1_500kb.wgt.RDat	CBY1	22	39052641	39069859	0.0590	rs7289126	-2.94	rs6001209	 0.050638	  5.68	 0.2632	136	136	prs	0.04869	 2.11e-07	 4.16e-01	0.677469
./fusion_twas/WEIGHTS/LIV_LDL/L3MBTL2_500kb.wgt.RDat	L3MBTL2	22	41601209	41627275	0.0492	rs138305	 2.89	rs139451	 0.023533	 -4.47	-0.1321	 83	  8	enet	0.03985	 2.56e-06	 3.75e-01	0.707728
./fusion_twas/WEIGHTS/LIV_LDL/LINC00899_500kb.wgt.RDat	LINC00899	22	46435787	46440733	0.1362	rs4253728	 3.88	rs4072455	 0.161462	  9.18	 1.2500	175	  1	lasso	0.16037	 9.56e-22	 1.25e+00	0.211300
./fusion_twas/WEIGHTS/LIV_LDL/YPEL1_500kb.wgt.RDat	YPEL1	22	22051833	22090123	0.1114	rs2276006	-2.32	rs710172	 0.089310	  6.94	-1.2778	124	  6	enet	0.09030	 1.41e-12	-8.49e-01	0.396035
./fusion_twas/WEIGHTS/LIV_LDL/KREMEN1_500kb.wgt.RDat	KREMEN1	22	29469066	29564321	0.3484	rs760628	 2.66	rs134609	 0.346413	 13.38	 0.2931	123	  3	lasso	0.37416	 4.16e-55	 7.72e-01	0.439922
./fusion_twas/WEIGHTS/LIV_LDL/CCDC134_500kb.wgt.RDat	CCDC134	22	42196683	42222303	0.1836	rs5996130	-2.14	rs7285782	 0.139301	  8.63	-0.2642	101	  5	lasso	0.13328	 4.03e-18	-3.47e-01	0.728804
./fusion_twas/WEIGHTS/LIV_LDL/TRMT2A_500kb.wgt.RDat	TRMT2A	22	20099389	20104915	0.1483	rs2531716	-2.43	rs1558496	 0.159337	  9.25	-0.3667	176	 12	enet	0.16546	 1.94e-22	-3.86e-01	0.699148
./fusion_twas/WEIGHTS/LIV_LDL/OSBP2_500kb.wgt.RDat	OSBP2	22	31089769	31303811	0.0649	rs2106430	 3.33	rs2240182	 0.038554	  4.86	-1.9808	179	 13	enet	0.04353	 9.05e-07	-6.60e-01	0.509037
./fusion_twas/WEIGHTS/LIV_LDL/XBP1_500kb.wgt.RDat	XBP1	22	29190543	29196585	0.0407	rs760628	 2.66	rs6005861	 0.017838	 -4.57	-0.3810	101	101	prs	0.02272	 3.22e-04	-5.28e-01	0.597189
./fusion_twas/WEIGHTS/LIV_LDL/SYNGR1_500kb.wgt.RDat	SYNGR1	22	39745930	39781593	0.1844	rs3736685	 2.23	rs5757312	 0.186974	  0.00	 2.0702	147	 11	enet	0.18898	 1.07e-25	-1.05e+00	0.292234
./fusion_twas/WEIGHTS/LIV_LDL/RP3-402G11.26_500kb.wgt.RDat	RP3-402G11.26	22	50637519	50638976	0.1661	rs7410465	 3.56	rs760753	 0.051474	  5.89	-0.7263	119	 20	enet	0.08807	 2.71e-12	 1.78e-01	0.858866
./fusion_twas/WEIGHTS/LIV_LDL/CTA-85E5.10_500kb.wgt.RDat	CTA-85E5.10	22	30404731	30476469	0.1214	rs4823054	 5.83	rs12537	 0.069517	 -6.36	 0.3585	141	  6	lasso	0.07055	 4.22e-10	 7.57e-01	0.449174
./fusion_twas/WEIGHTS/LIV_LDL/SERHL2_500kb.wgt.RDat	SERHL2	22	42949623	42970388	0.3254	rs5758894	 2.19	rs5758566	 0.106779	  0.00	-0.6094	140	 28	enet	0.17841	 3.21e-24	 5.01e-01	0.616181
./fusion_twas/WEIGHTS/LIV_LDL/SMARCB1_500kb.wgt.RDat	SMARCB1	22	24129150	24176703	0.2291	rs2267073	 2.29	rs738791	 0.195040	-10.05	 0.0185	144	  6	lasso	0.33270	 7.72e-48	 1.92e-01	0.847923
./fusion_twas/WEIGHTS/LIV_LDL/LGALS1_500kb.wgt.RDat	LGALS1	22	38071615	38075813	0.2215	rs5750508	 2.51	rs4820294	 0.293243	-12.31	-0.8182	176	  2	lasso	0.29206	 3.89e-41	 8.32e-01	0.405519
./fusion_twas/WEIGHTS/LIV_LDL/IL17RA_500kb.wgt.RDat	IL17RA	22	17565844	17596583	0.1230	rs9618937	 2.66	rs4819956	 0.046887	 -5.99	 0.8667	229	  8	enet	0.07005	 4.88e-10	-9.00e-01	0.368164
./fusion_twas/WEIGHTS/LIV_LDL/AC006547.8_500kb.wgt.RDat	AC006547.8	22	20098344	20099398	0.0661	rs2531716	-2.43	rs7285397	 0.041560	  4.92	-0.8500	176	  2	lasso	0.02278	 3.16e-04	-7.60e-01	0.447231
./fusion_twas/WEIGHTS/LIV_LDL/THOC5_500kb.wgt.RDat	THOC5	22	29901868	29951205	0.0478	rs4823054	 5.83	rs2188120	 0.014813	 -4.14	-0.6774	132	132	prs	0.01556	 2.49e-03	 8.31e-01	0.406178
./fusion_twas/WEIGHTS/LIV_LDL/PARVB_500kb.wgt.RDat	PARVB	22	44395091	44568829	0.8153	rs4823182	-3.58	rs2267592	 0.552369	 16.87	-2.3818	351	  7	lasso	0.70926	8.15e-142	-1.80e+00	0.071885
./fusion_twas/WEIGHTS/LIV_LDL/FOXRED2_500kb.wgt.RDat	FOXRED2	22	36883237	36903148	0.2709	rs7286844	-3.24	rs3747163	 0.282192	 12.06	 1.5000	246	  5	lasso	0.30657	 1.75e-43	 1.26e+00	0.208827
./fusion_twas/WEIGHTS/LIV_LDL/PLXNB2_500kb.wgt.RDat	PLXNB2	22	50713408	50746056	0.1024	rs7410465	 3.56	rs5771109	 0.025565	  5.20	 1.2909	124	 21	enet	0.04142	 1.64e-06	-3.73e-01	0.709202
./fusion_twas/WEIGHTS/LIV_LDL/KDELR3_500kb.wgt.RDat	KDELR3	22	38864067	38879452	0.0784	rs7289126	-2.94	rs4821788	 0.071741	  6.29	 0.9464	127	  2	lasso	0.07243	 2.47e-10	 9.36e-01	0.349325
./fusion_twas/WEIGHTS/LIV_LDL/LARGE_500kb.wgt.RDat	LARGE	22	33558212	34318829	0.1420	rs5754779	-2.95	rs12628949	 0.082800	  6.73	 0.2222	401	  5	lasso	0.07598	 8.89e-11	 4.43e-01	0.658019
./fusion_twas/WEIGHTS/LIV_LDL/NPTXR_500kb.wgt.RDat	NPTXR	22	39214457	39239987	0.3663	rs3736685	 2.23	rs6001258	 0.178257	  9.73	 0.2381	141	 44	enet	0.18654	 2.36e-25	-9.31e-05	0.999926
./fusion_twas/WEIGHTS/LIV_LDL/ASCC2_500kb.wgt.RDat	ASCC2	22	30184597	30234271	0.0435	rs4823054	 5.83	rs13057811	 0.002558	  3.79	 1.6275	121	121	prs	0.00693	 3.17e-02	 3.16e-01	0.752231
./fusion_twas/WEIGHTS/LIV_LDL/EMID1_500kb.wgt.RDat	EMID1	22	29601840	29655586	0.2473	rs760628	 2.66	rs2073327	 0.130009	  0.00	-0.2833	138	 15	enet	0.13905	 6.95e-19	-7.07e-01	0.479679
./fusion_twas/WEIGHTS/LIV_LDL/SAMM50_500kb.wgt.RDat	SAMM50	22	44351301	44406411	0.3225	rs6003211	 3.76	rs20195	 0.267075	  0.00	-1.1429	304	 44	enet	0.26570	 5.48e-37	-4.94e-03	0.996060
./fusion_twas/WEIGHTS/LIV_LDL/ADORA2A-AS1_500kb.wgt.RDat	ADORA2A-AS1	22	24825178	24891042	0.3553	rs5751862	-2.62	rs7285057	 0.289070	-12.20	 0.7604	139	  2	lasso	0.32592	 1.08e-46	-7.64e-01	0.445015
./fusion_twas/WEIGHTS/LIV_LDL/SLC2A11_500kb.wgt.RDat	SLC2A11	22	24198890	24228496	0.2565	rs2267073	 2.29	rs4822451	 0.321391	 12.99	-0.1579	137	 29	enet	0.34179	 2.15e-49	-3.07e-01	0.758813
./fusion_twas/WEIGHTS/LIV_LDL/RNF185_500kb.wgt.RDat	RNF185	22	31556168	31603005	0.0762	rs5753425	-2.15	rs4141404	 0.064750	  5.99	 1.1552	129	  5	lasso	0.05793	 1.54e-08	 1.23e+00	0.217565
./fusion_twas/WEIGHTS/LIV_LDL/CRELD2_500kb.wgt.RDat	CRELD2	22	50311815	50321188	0.0402	rs5769644	 2.19	rs11913210	 0.014014	  4.24	 0.3398	136	136	prs	0.01204	 6.94e-03	 7.97e-01	0.425199
./fusion_twas/WEIGHTS/LIV_LDL/TTC28_500kb.wgt.RDat	TTC28	22	28374004	29075853	0.0760	rs6005535	-2.72	rs695567	 0.037208	  4.78	-1.0192	281	 13	enet	0.05558	 3.00e-08	 1.73e-01	0.862642
./fusion_twas/WEIGHTS/LIV_LDL/CYB5R3_500kb.wgt.RDat	CYB5R3	22	43013846	43045574	0.2211	rs5758894	 2.19	rs137129	 0.086474	 -6.80	 1.6286	147	  4	lasso	0.13710	 1.26e-18	-1.18e+00	0.238063
./fusion_twas/WEIGHTS/LIV_LDL/CYP2D8P_500kb.wgt.RDat	CYP2D8P	22	42545877	42551007	0.0371	rs5996130	-2.14	rs1063392	 0.021898	  4.16	 0.5577	126	126	prs	0.01903	 9.20e-04	 4.59e-01	0.646364
./fusion_twas/WEIGHTS/LIV_LDL/NCF4_500kb.wgt.RDat	NCF4	22	37257030	37274057	0.1217	rs2283981	 3.03	rs4821544	 0.127936	 -8.27	-1.8667	263	  1	lasso	0.13593	 1.80e-18	 1.87e+00	0.061948
./fusion_twas/WEIGHTS/LIV_LDL/SMDT1_500kb.wgt.RDat	SMDT1	22	42475695	42480288	0.1420	rs5996130	-2.14	rs11090076	 0.255690	-11.46	-0.5741	116	  4	lasso	0.25181	 7.34e-35	 5.63e-01	0.573580
./fusion_twas/WEIGHTS/LIV_LDL/LDOC1L_500kb.wgt.RDat	LDOC1L	22	44888452	44894178	0.3513	rs8138173	-2.70	rs131156	 0.273863	-12.00	-1.1852	351	 30	enet	0.34541	 5.10e-50	 1.27e+00	0.205526
./fusion_twas/WEIGHTS/LIV_LDL/USP18_500kb.wgt.RDat	USP18	22	18632666	18660164	0.0796	rs7286607	 3.98	rs361534	 0.019148	  4.01	 1.4500	171	 16	enet	0.02501	 1.68e-04	 1.48e+00	0.139899
./fusion_twas/WEIGHTS/LIV_LDL/MED15_500kb.wgt.RDat	MED15	22	20850200	20941919	0.1454	rs178255	-2.07	rs5995708	 0.123428	 -8.12	-1.1972	134	  9	enet	0.13650	 1.51e-18	 1.23e+00	0.219745
./fusion_twas/WEIGHTS/LIV_LDL/PRODH_500kb.wgt.RDat	PRODH	22	18900294	18924066	0.0610	rs7286607	 3.98	rs2005736	 0.043400	 -5.06	-0.2632	138	  9	enet	0.04619	 4.28e-07	 1.33e-01	0.894566
./fusion_twas/WEIGHTS/LIV_LDL/GUCD1_500kb.wgt.RDat	GUCD1	22	24936406	24951903	0.1642	rs5751862	-2.62	rs743368	 0.042873	 -4.80	 0.5500	138	 25	enet	0.03910	 3.16e-06	-4.19e-01	0.674901
./fusion_twas/WEIGHTS/LIV_LDL/HSCB_500kb.wgt.RDat	HSCB	22	29138019	29153503	0.2148	rs760628	 2.66	rs2235432	 0.089766	 -7.62	-0.2073	 98	  6	lasso	0.17928	 2.43e-24	-5.92e-02	0.952784
./fusion_twas/WEIGHTS/LIV_LDL/DGCR6_500kb.wgt.RDat	DGCR6	22	18893541	18901751	0.0783	rs7286607	 3.98	rs16983593	 0.023180	 -4.13	-0.6425	142	  2	lasso	0.02494	 1.71e-04	 8.91e-01	0.372915
./fusion_twas/WEIGHTS/LIV_LDL/ALG12_500kb.wgt.RDat	ALG12	22	50293877	50312106	0.0734	rs5769644	 2.19	rs761879	 0.019257	  4.91	 0.8955	144	  7	enet	0.02991	 4.21e-05	-3.28e-01	0.743245
./fusion_twas/WEIGHTS/LIV_LDL/ODF3B_500kb.wgt.RDat	ODF3B	22	50968139	50971009	0.0496	rs7410465	 3.56	rs1557502	 0.043077	  4.82	 0.0882	108	  2	lasso	0.04186	 1.45e-06	 2.47e-01	0.804798
./fusion_twas/WEIGHTS/LIV_LDL/LRP5L_500kb.wgt.RDat	LRP5L	22	25747385	25801344	0.3671	rs6004418	 2.85	rs139677	 0.133984	  0.00	-0.8987	183	 45	enet	0.17787	 3.80e-24	 8.97e-01	0.369837
./fusion_twas/WEIGHTS/LIV_LDL/TANGO2_500kb.wgt.RDat	TANGO2	22	20004537	20053449	0.0537	rs2531716	-2.43	rs2531697	-0.000829	 -3.69	-0.3028	197	197	blup	0.01707	 1.62e-03	 4.07e-01	0.684253
./fusion_twas/WEIGHTS/LIV_LDL/C22orf34_500kb.wgt.RDat	C22orf34	22	49808176	50051190	0.3824	rs762942	 2.67	rs9616329	 0.296642	-12.44	-0.5000	332	 25	enet	0.36248	 5.16e-53	-2.19e-02	0.982549
./fusion_twas/WEIGHTS/LIV_LDL/APOBEC3G_500kb.wgt.RDat	APOBEC3G	22	39436924	39483748	0.2226	rs3736685	 2.23	rs139314	 0.159609	  9.16	 0.7455	154	  4	lasso	0.16470	 2.46e-22	 1.06e+00	0.290351
./fusion_twas/WEIGHTS/LIV_LDL/SUSD2_500kb.wgt.RDat	SUSD2	22	24577227	24585078	0.3668	rs5751862	-2.62	rs3788368	 0.318015	 12.91	-0.7979	111	 29	enet	0.35769	 3.64e-52	-1.64e+00	0.101224
./fusion_twas/WEIGHTS/LIV_LDL/CYP2D7P_500kb.wgt.RDat	CYP2D7P	22	42536214	42540576	0.5948	rs5996130	-2.14	rs133299	 0.164618	 -9.76	 0.3770	125	 40	enet	0.40853	 1.66e-61	-1.89e-01	0.850187
./fusion_twas/WEIGHTS/LIV_LDL/SFI1_500kb.wgt.RDat	SFI1	22	31884674	32014572	0.0643	rs1034419	-2.35	rs2103853	 0.026024	 -5.03	 1.1698	119	119	prs	0.03204	 2.31e-05	-3.42e-02	0.972705
./fusion_twas/WEIGHTS/LIV_LDL/KIAA1671_500kb.wgt.RDat	KIAA1671	22	25348697	25593415	0.1060	rs6004418	 2.85	rs1008931	 0.079653	  0.00	 2.1321	193	  2	lasso	0.08588	 5.10e-12	-2.41e+00	0.016090
./fusion_twas/WEIGHTS/LIV_LDL/A4GALT_500kb.wgt.RDat	A4GALT	22	43088127	43117304	0.0827	rs5758894	 2.19	rs2413716	 0.035099	  4.50	-0.7297	160	  5	lasso	0.02275	 3.19e-04	-7.75e-01	0.438540
./fusion_twas/WEIGHTS/LIV_LDL/IGLC3_500kb.wgt.RDat	IGLC3	22	23248512	23248973	0.1127	rs469120	 2.65	rs390407	 0.104211	  7.49	 1.1311	 99	  2	lasso	0.09552	 3.08e-13	 1.11e+00	0.268943
./fusion_twas/WEIGHTS/LIV_LDL/RRP7B_500kb.wgt.RDat	RRP7B	22	42951229	42978044	0.4082	rs5758894	 2.19	rs7287384	 0.178418	  9.73	-0.2195	141	  3	lasso	0.23880	 6.66e-33	-2.23e-01	0.823319
./fusion_twas/WEIGHTS/LIV_LDL/GGA1_500kb.wgt.RDat	GGA1	22	38004481	38029571	0.1054	rs5750508	 2.51	rs9306321	 0.020274	 -4.81	-0.1667	192	  6	lasso	0.04226	 1.30e-06	-6.78e-01	0.497480
./fusion_twas/WEIGHTS/LIV_LDL/ZBED4_500kb.wgt.RDat	ZBED4	22	50247490	50283726	0.0575	rs5770370	 2.58	rs1321	 0.007136	  4.26	 0.4769	168	168	prs	0.01743	 1.46e-03	 1.03e+00	0.303785
./fusion_twas/WEIGHTS/LIV_LDL/IGLC2_500kb.wgt.RDat	IGLC2	22	23243156	23243617	0.3872	rs469120	 2.65	rs390407	 0.350751	-13.47	 1.1311	 99	  1	lasso	0.35159	 4.30e-51	-1.13e+00	0.257993
./fusion_twas/WEIGHTS/LIV_LDL/TMPRSS6_500kb.wgt.RDat	TMPRSS6	22	37461476	37505603	0.1735	rs2283981	 3.03	rs228924	 0.089786	  6.95	-0.5926	275	  7	lasso	0.11940	 2.64e-16	-1.05e+00	0.291839
./fusion_twas/WEIGHTS/LIV_LDL/DGCR2_500kb.wgt.RDat	DGCR2	22	19023795	19109967	0.0961	rs8139802	-2.69	rs2240112	 0.033039	  6.00	-0.4182	147	 16	enet	0.07444	 1.38e-10	 1.72e-01	0.863504
./fusion_twas/WEIGHTS/LIV_LDL/NAGA_500kb.wgt.RDat	NAGA	22	42454358	42466846	0.0289	rs5996130	-2.14	rs1063392	 0.019053	  4.02	 0.5577	117	117	prs	0.01813	 1.19e-03	 3.89e-01	0.696987
./fusion_twas/WEIGHTS/LIV_LDL/CTA-217C2.1_500kb.wgt.RDat	CTA-217C2.1	22	45528901	45559662	0.2825	rs6006959	-2.74	rs132884	 0.184954	  9.86	 0.2000	288	  4	lasso	0.25625	 1.55e-35	 1.22e+00	0.223156
./fusion_twas/WEIGHTS/LIV_LDL/TBC1D22A_500kb.wgt.RDat	TBC1D22A	22	47158518	47571336	0.0785	rs9615998	 3.32	rs4439	-0.001171	  3.71	-2.6508	282	 19	enet	0.02929	 5.01e-05	-1.93e+00	0.053899
./fusion_twas/WEIGHTS/LIV_LDL/APOL4_500kb.wgt.RDat	APOL4	22	36585172	36600886	0.4814	rs7286844	-3.24	rs132734	 0.245821	-11.25	-0.8033	185	 33	enet	0.43066	 8.04e-66	 9.45e-01	0.344776
./fusion_twas/WEIGHTS/LIV_LDL/APOL3_500kb.wgt.RDat	APOL3	22	36536372	36562225	0.0706	rs7286844	-3.24	rs13056820	 0.004175	  3.71	-2.2991	180	 25	enet	0.02129	 4.83e-04	-2.52e+00	0.011714
./fusion_twas/WEIGHTS/LIV_LDL/DNAJB7_500kb.wgt.RDat	DNAJB7	22	41255553	41258130	0.5797	rs138305	 2.89	rs138354	 0.611759	-17.72	 1.3654	 82	 14	enet	0.61650	1.62e-110	-1.45e+00	0.148281
./fusion_twas/WEIGHTS/LIV_LDL/HPS4_500kb.wgt.RDat	HPS4	22	26839389	26879803	0.0710	rs9608534	-3.92	rs5761552	 0.042130	 -5.06	 0.4615	333	  4	lasso	0.02933	 4.96e-05	-8.02e-01	0.422499
./fusion_twas/WEIGHTS/LIV_LDL/CECR1_500kb.wgt.RDat	CECR1	22	17660194	17702879	0.1326	rs9618937	 2.66	rs737962	 0.047868	 -5.18	-0.1207	235	 34	enet	0.06298	 3.67e-09	-1.76e-01	0.860464
./fusion_twas/WEIGHTS/LIV_LDL/MPST_500kb.wgt.RDat	MPST	22	37415676	37425863	0.2180	rs2283981	 3.03	rs2032476	 0.127811	 -8.40	-0.7241	270	  7	enet	0.13420	 3.05e-18	 5.59e-01	0.576149
./fusion_twas/WEIGHTS/LIV_LDL/RTCB_500kb.wgt.RDat	RTCB	22	32783569	32808242	0.1007	rs9619261	 2.90	rs1543320	 0.055729	 -5.97	-0.5660	276	 18	enet	0.07764	 5.51e-11	 4.30e-01	0.667173
./fusion_twas/WEIGHTS/LIV_LDL/NIPSNAP1_500kb.wgt.RDat	NIPSNAP1	22	29950797	29977326	0.1203	rs4823054	 5.83	rs465938	 0.184964	-10.09	-0.4231	126	 10	enet	0.17921	 2.48e-24	 4.78e-01	0.632307
./fusion_twas/WEIGHTS/LIV_LDL/GCAT_500kb.wgt.RDat	GCAT	22	38203912	38213183	0.0912	rs7289126	-2.94	rs2899293	 0.086061	 -7.28	-1.9811	146	 16	enet	0.10654	 1.21e-14	 2.26e+00	0.023602
./fusion_twas/WEIGHTS/LIV_LDL/C22orf29_500kb.wgt.RDat	C22orf29	22	19833661	19842419	0.1498	rs2531716	-2.43	rs17745314	 0.104513	 -8.27	-0.4747	217	  6	lasso	0.14920	 3.08e-20	-4.34e-02	0.965374
./fusion_twas/WEIGHTS/LIV_LDL/CHEK2_500kb.wgt.RDat	CHEK2	22	29083731	29138410	0.5725	rs760628	 2.66	rs1033667	 0.575035	 17.16	-0.6379	101	 15	enet	0.62509	4.45e-113	-7.24e-01	0.468767
./fusion_twas/WEIGHTS/LIV_LDL/TTC28-AS1_500kb.wgt.RDat	TTC28-AS1	22	28315364	28404569	0.0813	rs6005535	-2.72	rs9306452	 0.046698	  5.26	-0.5895	242	  3	lasso	0.06026	 7.96e-09	-1.20e+00	0.229895
./fusion_twas/WEIGHTS/LIV_LDL/PPM1F_500kb.wgt.RDat	PPM1F	22	22273793	22307209	0.1240	rs2276006	-2.32	rs239917	 0.173735	 -9.51	-1.9444	130	  3	lasso	0.16639	 1.45e-22	 1.83e+00	0.067034
./fusion_twas/WEIGHTS/LIV_LDL/TOMM22_500kb.wgt.RDat	TOMM22	22	39077953	39080818	0.0428	rs7289126	-2.94	rs10135	 0.032754	 -4.48	 0.4737	135	 17	enet	0.03333	 1.60e-05	-1.29e+00	0.195985
./fusion_twas/WEIGHTS/LIV_LDL/XXbac-B444P24.10_500kb.wgt.RDat	XXbac-B444P24.10	22	20287283	20300739	0.0476	rs2531716	-2.43	rs2286926	-0.001456	  3.08	-0.5072	150	150	blup	0.01202	 6.96e-03	-4.63e-01	0.643342
./fusion_twas/WEIGHTS/LIV_LDL/PLA2G6_500kb.wgt.RDat	PLA2G6	22	38507502	38601697	0.0891	rs7289126	-2.94	rs4376	 0.088230	  6.95	 0.2088	121	  2	lasso	0.08711	 3.57e-12	 2.09e-01	0.834714
./fusion_twas/WEIGHTS/LIV_LDL/CARD10_500kb.wgt.RDat	CARD10	22	37886400	37915549	0.1396	rs5750508	 2.51	rs713829	 0.137945	  0.00	-0.6780	198	 12	enet	0.13791	 9.83e-19	-1.04e+00	0.300600
./fusion_twas/WEIGHTS/LIV_LDL/CTA-445C9.15_500kb.wgt.RDat	CTA-445C9.15	22	26917949	26921002	0.6905	rs9608534	-3.92	rs4275	 0.752157	 19.61	 0.5660	341	  3	lasso	0.75139	1.68e-159	 5.65e-01	0.572402
./fusion_twas/WEIGHTS/LIV_LDL/RFPL1_500kb.wgt.RDat	RFPL1	22	29834572	29838444	0.3333	rs4823054	 5.83	rs9613855	 0.117941	 -8.33	 1.6591	125	 20	enet	0.21837	 6.80e-30	-1.85e+00	0.064400
./fusion_twas/WEIGHTS/LIV_LDL/ARFGAP3_500kb.wgt.RDat	ARFGAP3	22	43192508	43254112	0.1257	rs5758894	 2.19	rs6002674	 0.127037	  0.00	 0.0893	194	 12	enet	0.12915	 1.41e-17	 3.05e-01	0.760274
./fusion_twas/WEIGHTS/LIV_LDL/TTC38_500kb.wgt.RDat	TTC38	22	46663858	46689905	0.1223	rs4253728	 3.88	rs6008497	 0.098829	  7.36	 0.6975	181	  8	enet	0.07626	 8.21e-11	 1.07e-01	0.914470
./fusion_twas/WEIGHTS/LIV_LDL/DDT_500kb.wgt.RDat	DDT	22	24313554	24322660	0.5199	rs5751862	-2.62	rs2330635	 0.694686	 18.92	-0.1111	124	 28	enet	0.72085	2.07e-146	-3.67e-01	0.713504
./fusion_twas/WEIGHTS/LIV_LDL/LGALS2_500kb.wgt.RDat	LGALS2	22	37966255	37978623	0.1473	rs5750508	 2.51	rs2281097	 0.181089	  9.86	-0.3396	195	  3	enet	0.18230	 9.23e-25	-1.52e-01	0.879220
./fusion_twas/WEIGHTS/LIV_LDL/NDUFA6-AS1_500kb.wgt.RDat	NDUFA6-AS1	22	42486935	42535286	0.4219	rs5996130	-2.14	rs4467371	 0.386165	-14.13	 0.0303	127	 36	enet	0.50616	 6.40e-82	-4.42e-02	0.964717
./fusion_twas/WEIGHTS/LIV_LDL/CHKB_500kb.wgt.RDat	CHKB	22	51017378	51039884	0.1022	rs7410465	 3.56	rs131749	 0.064571	 -6.10	-0.4000	 95	  2	lasso	0.05825	 1.41e-08	 3.02e-01	0.762576
./fusion_twas/WEIGHTS/LIV_LDL/RP3-402G11.28_500kb.wgt.RDat	RP3-402G11.28	22	50646890	50647971	0.0857	rs7410465	 3.56	rs2294394	 0.001923	 -3.64	-0.0820	123	123	prs	0.01448	 3.40e-03	 8.72e-01	0.383307
./fusion_twas/WEIGHTS/LIV_LDL/CBX6_500kb.wgt.RDat	CBX6	22	39257455	39268319	0.3834	rs3736685	 2.23	rs7292074	 0.319356	-12.85	 1.4211	139	  2	lasso	0.30794	 1.04e-43	-1.43e+00	0.153985
./fusion_twas/WEIGHTS/LIV_LDL/C1QTNF6_500kb.wgt.RDat	C1QTNF6	22	37576207	37595425	0.2865	rs5995396	-2.38	rs5756540	 0.185755	 -9.88	-0.0667	258	  8	enet	0.26481	 7.52e-37	-9.61e-02	0.923411
./fusion_twas/WEIGHTS/LIV_LDL/HORMAD2_500kb.wgt.RDat	HORMAD2	22	30476163	30573064	0.0865	rs4823054	 5.83	rs12537	 0.075690	 -6.64	 0.3585	154	  6	lasso	0.06321	 3.43e-09	-7.16e-02	0.942931
./fusion_twas/WEIGHTS/LIV_LDL/SEC14L3_500kb.wgt.RDat	SEC14L3	22	30843946	30868036	0.3623	rs1476514	 3.84	rs2066926	 0.157808	  9.66	 1.3030	165	 11	lasso	0.31609	 4.71e-45	 1.63e+00	0.103007
./fusion_twas/WEIGHTS/LIV_LDL/TRIOBP_500kb.wgt.RDat	TRIOBP	22	38093011	38172563	0.0715	rs7289126	-2.94	rs5750482	 0.058770	 -6.45	-1.3519	178	  7	lasso	0.07980	 2.97e-11	 1.90e+00	0.056867
./fusion_twas/WEIGHTS/LIV_LDL/PATZ1_500kb.wgt.RDat	PATZ1	22	31721790	31742218	0.0416	rs5998115	-2.31	rs5749272	-0.000249	 -3.89	 1.0263	107	  9	enet	0.01086	 9.81e-03	-4.36e-01	0.662612
./fusion_twas/WEIGHTS/LIV_LDL/ST13_500kb.wgt.RDat	ST13	22	41220539	41253026	0.2485	rs138305	 2.89	rs138352	 0.362200	-13.72	 2.4000	 89	  3	lasso	0.36662	 9.44e-54	-2.38e+00	0.017190
./fusion_twas/WEIGHTS/LIV_LDL/PANX2_500kb.wgt.RDat	PANX2	22	50609160	50618723	0.2650	rs7410465	 3.56	rs11101951	 0.282814	 12.13	-1.7143	121	 22	enet	0.34558	 4.76e-50	-1.90e+00	0.057814
./fusion_twas/WEIGHTS/LIV_LDL/SHANK3_500kb.wgt.RDat	SHANK3	22	51112843	51171726	0.0938	rs7410465	 3.56	rs9616810	 0.102578	  7.37	 1.5571	 79	  1	lasso	0.09914	 1.07e-13	 1.56e+00	0.119437
./fusion_twas/WEIGHTS/LIV_LDL/SCUBE1_500kb.wgt.RDat	SCUBE1	22	43593289	43739394	0.0566	rs6003211	 3.76	rs5759333	 0.010774	  4.49	-1.1000	217	 12	enet	0.01059	 1.06e-02	 2.09e-01	0.834331
./fusion_twas/WEIGHTS/LIV_LDL/POLR2F_500kb.wgt.RDat	POLR2F	22	38348614	38437922	0.1097	rs7289126	-2.94	rs139866	 0.208590	 10.51	-1.2222	133	 17	enet	0.20382	 8.52e-28	-1.16e+00	0.244933
./fusion_twas/WEIGHTS/LIV_LDL/ATP6V1E1_500kb.wgt.RDat	ATP6V1E1	22	18074902	18111584	0.1661	rs7286607	 3.98	rs2401158	 0.092484	 -6.98	 0.3768	276	  7	lasso	0.12540	 4.37e-17	-7.17e-01	0.473457
./fusion_twas/WEIGHTS/LIV_LDL/TXNRD2_500kb.wgt.RDat	TXNRD2	22	19863040	19929341	0.1615	rs2531716	-2.43	rs17745314	 0.040176	 -6.44	-0.4747	213	213	blup	0.12258	 1.02e-16	 2.51e-02	0.979984
./fusion_twas/WEIGHTS/LIV_LDL/MAPK11_500kb.wgt.RDat	MAPK11	22	50702142	50709196	0.0747	rs7410465	 3.56	rs2236030	 0.000451	 -3.29	 1.6814	125	125	prs	0.02273	 3.22e-04	-2.51e+00	0.012010
./fusion_twas/WEIGHTS/LIV_LDL/TCN2_500kb.wgt.RDat	TCN2	22	31002825	31023265	0.3334	rs5753014	 3.77	rs5749135	 0.106831	  8.69	-0.6038	165	 28	enet	0.21160	 6.50e-29	-8.20e-01	0.412129
./fusion_twas/WEIGHTS/LIV_LDL/RP5-1170K4.7_500kb.wgt.RDat	RP5-1170K4.7	22	37476108	37478887	0.2085	rs2283981	 3.03	rs2235320	 0.145824	  8.82	 1.5000	262	  4	lasso	0.13911	 6.82e-19	 1.52e+00	0.128933
./fusion_twas/WEIGHTS/LIV_LDL/NHP2L1_500kb.wgt.RDat	NHP2L1	22	42069934	42086508	0.0953	rs7287886	 1.64	rs738499	 0.022971	 -4.21	-0.3509	 98	  6	lasso	0.04578	 4.80e-07	 1.52e+00	0.128215
./fusion_twas/WEIGHTS/LIV_LDL/CDPF1_500kb.wgt.RDat	CDPF1	22	46639908	46646576	0.0428	rs4253728	 3.88	rs6007761	 0.025973	  5.39	 2.0270	181	181	prs	0.03735	 5.17e-06	 3.29e+00	0.001016
./fusion_twas/WEIGHTS/LIV_LDL/SELO_500kb.wgt.RDat	SELO	22	50639408	50656045	0.5091	rs7410465	 3.56	rs5771104	 0.391356	 14.17	 1.2963	125	  8	lasso	0.49012	 2.65e-78	 1.35e+00	0.177231
./fusion_twas/WEIGHTS/LIV_LDL/APOBEC3D_500kb.wgt.RDat	APOBEC3D	22	39410368	39429281	0.0885	rs3736685	 2.23	rs1969643	 0.038991	 -5.54	-1.5000	146	  4	lasso	0.05975	 9.18e-09	 6.38e-01	0.523513
./fusion_twas/WEIGHTS/LIV_LDL/GSTT2_500kb.wgt.RDat	GSTT2	22	24322339	24326106	0.5635	rs5751862	-2.62	rs2330635	 0.473512	 15.66	-0.1111	122	 27	enet	0.62564	3.05e-113	-1.01e-01	0.919515
./fusion_twas/WEIGHTS/LIV_LDL/CTA-29F11.1_500kb.wgt.RDat	CTA-29F11.1	22	47157791	47158460	0.3413	rs9615998	 3.32	rs5769136	 0.371666	-13.85	-0.0175	205	  1	lasso	0.36847	 4.41e-54	 1.75e-02	0.986003
./fusion_twas/WEIGHTS/LIV_LDL/APOBEC3C_500kb.wgt.RDat	APOBEC3C	22	39410088	39416357	0.0990	rs3736685	 2.23	rs1969643	 0.073096	 -6.52	-1.5000	146	  3	lasso	0.06039	 7.66e-09	 1.37e+00	0.171760
./fusion_twas/WEIGHTS/LIV_LDL/ADRBK2_500kb.wgt.RDat	ADRBK2	22	25960816	26125261	0.1359	rs6004418	 2.85	rs599794	 0.021922	 -5.04	 0.7377	226	226	prs	0.04795	 2.60e-07	 5.21e-02	0.958481
./fusion_twas/WEIGHTS/LIV_LDL/BCR_500kb.wgt.RDat	BCR	22	23521891	23660224	0.1769	rs469120	 2.65	rs131690	 0.145785	 -8.78	-0.1481	162	  5	lasso	0.14496	 1.14e-19	 4.32e-02	0.965535
./fusion_twas/WEIGHTS/LIV_LDL/ANKRD54_500kb.wgt.RDat	ANKRD54	22	38226862	38245334	0.2124	rs7289126	-2.94	rs9610713	 0.027282	  0.00	-0.4912	143	 26	enet	0.11058	 3.66e-15	 2.93e-02	0.976594
./fusion_twas/WEIGHTS/LIV_LDL/RABL2B_500kb.wgt.RDat	RABL2B	22	51205929	51222091	0.1055	rs7410465	 3.56	rs2285395	 0.087017	  6.78	-0.1875	 70	  3	lasso	0.08502	 6.55e-12	-3.17e-01	0.750990
./fusion_twas/WEIGHTS/LIV_LDL/ADORA2A_500kb.wgt.RDat	ADORA2A	22	24813847	24838328	0.1334	rs5751862	-2.62	rs7285057	 0.089059	 -6.84	 0.7604	129	  3	lasso	0.08851	 2.38e-12	-7.98e-01	0.424852
./fusion_twas/WEIGHTS/LIV_LDL/MTMR3_500kb.wgt.RDat	MTMR3	22	30279144	30426855	0.3547	rs4823054	 5.83	rs9983	 0.480810	 15.69	 0.0694	152	  4	lasso	0.48538	 2.95e-77	-4.24e-02	0.966201
./fusion_twas/WEIGHTS/LIV_LDL/RGL4_500kb.wgt.RDat	RGL4	22	24030323	24041363	0.0612	rs5751613	 2.13	rs5751713	 0.073066	  6.33	 0.5114	153	  7	enet	0.06215	 4.65e-09	 4.35e-01	0.663910
./fusion_twas/WEIGHTS/LIV_LDL/GSTT1_500kb.wgt.RDat	GSTT1	22	24376133	24384680	0.4559	rs5751862	-2.62	rs1002286	 0.433397	-14.94	 0.2432	120	 14	enet	0.50871	 1.66e-82	-2.73e-01	0.784776
./fusion_twas/WEIGHTS/LIV_LDL/PICK1_500kb.wgt.RDat	PICK1	22	38452318	38471708	0.1001	rs7289126	-2.94	rs2012859	 0.003800	  3.71	-0.0667	120	 20	enet	0.02128	 4.85e-04	-8.23e-01	0.410788
./fusion_twas/WEIGHTS/LIV_LDL/GTPBP1_500kb.wgt.RDat	GTPBP1	22	39101728	39134304	0.0820	rs7289126	-2.94	rs2284073	 0.065292	  6.52	 0.4386	146	  2	lasso	0.06601	 1.55e-09	 2.00e-01	0.841473
./fusion_twas/WEIGHTS/LIV_LDL/SLC25A17_500kb.wgt.RDat	SLC25A17	22	41165634	41215403	0.0697	rs138305	 2.89	rs12628527	 0.008217	 -4.20	-1.4268	 87	 87	blup	0.03388	 1.38e-05	 1.85e+00	0.064379
./fusion_twas/WEIGHTS/LIV_LDL/CECR5_500kb.wgt.RDat	CECR5	22	17618401	17646177	0.1308	rs9618937	 2.66	rs1034859	 0.032116	 -5.26	-0.6316	229	 26	enet	0.08367	 9.69e-12	 1.05e+00	0.295250
./fusion_twas/WEIGHTS/LIV_LDL/CRYBB2P1_500kb.wgt.RDat	CRYBB2P1	22	25844072	25916821	0.1052	rs6004418	 2.85	rs5996945	 0.076570	  6.76	-0.2812	195	  3	lasso	0.06474	 2.22e-09	-3.91e-01	0.695568
./fusion_twas/WEIGHTS/LIV_LDL/IGLV6-57_500kb.wgt.RDat	IGLV6-57	22	22550113	22550860	0.1905	rs2276006	-2.32	rs9607653	 0.146752	 -8.84	-0.0741	114	 11	enet	0.15885	 1.54e-21	-1.99e-01	0.842061
./fusion_twas/WEIGHTS/LIV_LDL/TOP3B_500kb.wgt.RDat	TOP3B	22	22311397	22337213	0.0861	rs2276006	-2.32	rs9610690	 0.123547	 -8.48	 0.9634	127	  2	lasso	0.12073	 1.77e-16	-3.30e-01	0.741462
./fusion_twas/WEIGHTS/LIV_LDL/MAPK12_500kb.wgt.RDat	MAPK12	22	50683879	50700254	0.1826	rs7410465	 3.56	rs1555048	 0.135212	  8.43	-0.9000	127	  6	lasso	0.12958	 1.24e-17	-9.77e-01	0.328621
./fusion_twas/WEIGHTS/LIV_LDL/FAM211B_500kb.wgt.RDat	FAM211B	22	24981588	24989175	0.0635	rs6004418	 2.85	rs5760485	 0.015696	 -4.12	-1.0333	137	 16	enet	0.02891	 5.58e-05	-4.64e-01	0.642387
./fusion_twas/WEIGHTS/LIV_LDL/GRAMD4_500kb.wgt.RDat	GRAMD4	22	46971909	47075688	0.1615	NA	   NA	NA	       NA	    NA	     NA	236	  0	lasso	0.11230	 2.20e-15	       NA	      NA
./fusion_twas/WEIGHTS/LIV_LDL/CYTH4_500kb.wgt.RDat	CYTH4	22	37678068	37711382	0.0667	rs5995396	-2.38	rs1041894	 0.038843	 -4.61	-0.3824	245	  2	lasso	0.03333	 1.61e-05	 1.34e-01	0.893705
./fusion_twas/WEIGHTS/LIV_LDL/PPIL2_500kb.wgt.RDat	PPIL2	22	22006559	22054304	0.0790	rs2276006	-2.32	rs5750488	 0.009483	  3.20	-0.0777	116	 15	enet	0.03709	 5.56e-06	-1.99e+00	0.047008
./fusion_twas/WEIGHTS/LIV_LDL/CPT1B_500kb.wgt.RDat	CPT1B	22	51007290	51017899	0.5819	rs7410465	 3.56	rs5770911	 0.206486	-10.30	-0.0508	 99	 43	enet	0.36970	 2.65e-54	-7.07e-02	0.943611
./fusion_twas/WEIGHTS/LIV_LDL/DESI1_500kb.wgt.RDat	DESI1	22	41994032	42017100	0.0298	rs7287886	 1.64	rs126092	 0.002530	  3.98	-0.8095	 96	 96	prs	0.01311	 5.07e-03	-6.06e-01	0.544682
./fusion_twas/WEIGHTS/LIV_LDL/POLR3H_500kb.wgt.RDat	POLR3H	22	41921808	41940610	0.0707	rs7287886	 1.64	rs738499	-0.001586	  3.12	-0.3509	 94	 94	blup	0.01127	 8.68e-03	-1.06e+00	0.288989
./fusion_twas/WEIGHTS/LIV_LDL/FAM118A_500kb.wgt.RDat	FAM118A	22	45704849	45737836	0.7135	rs6006959	-2.74	rs6007305	 0.571277	  0.00	-0.1111	256	 25	enet	0.78580	2.46e-176	-6.52e-01	0.514661
./fusion_twas/WEIGHTS/LIV_LDL/RHBDD3_500kb.wgt.RDat	RHBDD3	22	29655841	29664198	0.1099	rs760628	 2.66	rs2301290	 0.059383	  6.06	 0.4783	132	  3	lasso	0.04196	 1.41e-06	 3.19e-01	0.749377
./fusion_twas/WEIGHTS/LIV_LDL/LZTR1_500kb.wgt.RDat	LZTR1	22	21333751	21353327	0.1379	rs431319	-2.14	rs178272	 0.067574	  6.31	 0.1364	122	  2	lasso	0.08834	 2.50e-12	 6.40e-01	0.521856
./fusion_twas/WEIGHTS/LIV_LDL/ARSA_500kb.wgt.RDat	ARSA	22	51061182	51066607	0.3791	rs7410465	 3.56	rs6151429	 0.309222	-12.64	-2.5670	 89	  6	lasso	0.34662	 3.15e-50	 2.68e+00	0.007407
./fusion_twas/WEIGHTS/LIV_LDL/TRABD_500kb.wgt.RDat	TRABD	22	50624344	50638027	0.2899	rs7410465	 3.56	rs7288889	 0.079270	 -7.65	-1.6562	119	 51	enet	0.15108	 1.72e-20	 9.61e-01	0.336602
./fusion_twas/WEIGHTS/LIV_LDL/CELSR1_500kb.wgt.RDat	CELSR1	22	46756731	46933067	0.0526	rs4253728	 3.88	rs6007761	 0.000400	  3.72	 2.0270	213	213	prs	0.01935	 8.41e-04	 3.42e+00	0.000616
./fusion_twas/WEIGHTS/LIV_LDL/TYMP_500kb.wgt.RDat	TYMP	22	50964181	50968485	0.0871	rs7410465	 3.56	rs3091397	 0.066238	 -6.19	-0.5211	109	  3	lasso	0.06739	 1.04e-09	 4.25e-01	0.670724
./fusion_twas/WEIGHTS/LIV_LDL/COMT_500kb.wgt.RDat	COMT	22	19929130	19957498	0.1215	rs2531716	-2.43	rs2531697	 0.044855	  5.93	-0.3028	208	208	blup	0.07902	 3.71e-11	-9.82e-02	0.921783
./fusion_twas/WEIGHTS/LIV_LDL/IGLL5_500kb.wgt.RDat	IGLL5	22	23229960	23238287	0.0570	rs469120	 2.65	rs390407	 0.050383	  5.43	 1.1311	 99	  1	lasso	0.03809	 4.20e-06	 1.13e+00	0.257993
./fusion_twas/WEIGHTS/LIV_LDL/NUP50_500kb.wgt.RDat	NUP50	22	45559722	45583896	0.1652	rs6006959	-2.74	rs226524	 0.172281	  9.77	 0.2000	283	  3	lasso	0.16997	 4.67e-23	 3.05e-01	0.760026
./fusion_twas/WEIGHTS/LIV_LDL/TXN2_500kb.wgt.RDat	TXN2	22	36863083	36878077	0.1705	rs7286844	-3.24	rs8140240	 0.038952	  5.32	 1.6574	241	 35	enet	0.08119	 1.98e-11	 1.08e+00	0.281217
./fusion_twas/WEIGHTS/LIV_LDL/CERK_500kb.wgt.RDat	CERK	22	47080308	47134158	0.0572	rs4253728	 3.88	rs135697	-0.000800	  3.94	 2.3158	221	 20	enet	0.01460	 3.29e-03	 1.81e+00	0.070762
./fusion_twas/WEIGHTS/LIV_LDL/TTLL12_500kb.wgt.RDat	TTLL12	22	43562628	43583139	0.3283	rs6003211	 3.76	rs2071724	 0.156830	 -9.24	 1.5641	188	  3	lasso	0.14824	 4.14e-20	-1.57e+00	0.115333
./fusion_twas/WEIGHTS/LIV_LDL/TPST2_500kb.wgt.RDat	TPST2	22	26921458	26992681	0.0861	rs9608534	-3.92	rs5752351	-0.001422	  3.34	-0.8289	387	387	blup	0.01937	 8.35e-04	-1.61e+00	0.107751
./fusion_twas/WEIGHTS/LIV_LDL/SMTN_500kb.wgt.RDat	SMTN	22	31460091	31500743	0.0573	rs4820018	 2.27	rs12168052	 0.033110	 -4.43	 1.5579	135	  4	enet	0.02905	 5.36e-05	-1.29e+00	0.195818
./fusion_twas/WEIGHTS/LIV_LDL/DGCR5_500kb.wgt.RDat	DGCR5	22	18958027	19018755	0.0822	rs9605473	 2.85	rs2041780	 0.046409	  5.13	-0.3968	141	  3	lasso	0.04069	 2.02e-06	-3.74e-01	0.708536
./fusion_twas/WEIGHTS/LIV_LDL/POLDIP3_500kb.wgt.RDat	POLDIP3	22	42979727	43010968	0.0542	rs5758894	 2.19	rs137116	 0.033053	  4.76	 0.4364	146	  2	lasso	0.02637	 1.15e-04	 3.04e-01	0.761003
./fusion_twas/WEIGHTS/LIV_LDL/MPPED1_500kb.wgt.RDat	MPPED1	22	43807202	43903728	0.1692	rs6003211	 3.76	rs9614174	 0.026833	 -5.08	-1.4583	243	 24	enet	0.05703	 1.99e-08	-4.25e-01	0.670989
./fusion_twas/WEIGHTS/LIV_LDL/AP000350.5_500kb.wgt.RDat	AP000350.5	22	24243619	24249255	0.3733	rs2267073	 2.29	rs2330635	 0.510263	-16.31	-0.1111	127	 23	enet	0.54090	 3.58e-90	 4.93e-01	0.621807
./fusion_twas/WEIGHTS/LIV_LDL/SNAP29_500kb.wgt.RDat	SNAP29	22	21213271	21245506	0.2484	rs431319	-2.14	rs6003971	 0.271004	  0.00	-0.2316	142	  6	enet	0.28847	 1.46e-40	-1.53e-01	0.878258
./fusion_twas/WEIGHTS/LIV_LDL/ZNF74_500kb.wgt.RDat	ZNF74	22	20748405	20762745	0.0928	rs661440	 2.05	rs887021	 0.087270	 -6.82	 0.6038	 93	  3	lasso	0.07325	 1.95e-10	-5.84e-01	0.559515
./fusion_twas/WEIGHTS/LIV_LDL/ATXN10_500kb.wgt.RDat	ATXN10	22	46067678	46241187	0.0957	rs4253728	 3.88	rs138170	 0.064433	  6.44	-0.0563	217	  7	enet	0.07295	 2.13e-10	-1.01e-01	0.919556
./fusion_twas/WEIGHTS/LIV_LDL/SH3BP1_500kb.wgt.RDat	SH3BP1	22	38030661	38062939	0.0667	rs5750508	 2.51	rs4820294	-0.000436	  4.08	-0.8182	188	188	prs	0.01421	 3.69e-03	-1.22e+00	0.221722
./fusion_twas/WEIGHTS/LIV_LDL/CYP2D6_500kb.wgt.RDat	CYP2D6	22	42522501	42526908	0.5958	rs5996130	-2.14	rs8138080	 0.253928	-12.29	-1.0877	124	 13	lasso	0.43436	 1.47e-66	 1.31e+00	0.189583
./fusion_twas/WEIGHTS/LIV_LDL/YWHAH_500kb.wgt.RDat	YWHAH	22	32340447	32353590	0.0786	rs9619261	 2.90	rs5998196	 0.086339	 -7.24	-0.7115	171	  3	lasso	0.08991	 1.59e-12	 6.70e-01	0.502883
./fusion_twas/WEIGHTS/LIV_LDL/JOSD1_500kb.wgt.RDat	JOSD1	22	39081548	39097561	0.1796	rs7289126	-2.94	rs2284073	 0.321660	 12.99	 0.4386	138	  2	lasso	0.32434	 1.98e-46	 4.30e-01	0.667074
./fusion_twas/WEIGHTS/LIV_LDL/SEC14L4_500kb.wgt.RDat	SEC14L4	22	30884900	30901698	0.0584	rs1476514	 3.84	rs5763681	 0.043616	  0.00	 3.7066	163	  3	lasso	0.03294	 1.79e-05	 5.95e-01	0.551526
./fusion_twas/WEIGHTS/LIV_LDL/CABIN1_500kb.wgt.RDat	CABIN1	22	24407642	24574596	0.2174	rs5751862	-2.62	rs1002286	 0.088886	 -7.09	 0.2432	132	 30	enet	0.11830	 3.67e-16	-7.80e-01	0.435313
./fusion_twas/WEIGHTS/LIV_LDL/NDUFA6_500kb.wgt.RDat	NDUFA6	22	42481529	42486959	0.1788	rs5996130	-2.14	rs133337	 0.071733	  6.51	 0.4754	121	 28	enet	0.09232	 7.84e-13	 1.38e+00	0.167657
./fusion_twas/WEIGHTS/LIV_LDL/RNF215_500kb.wgt.RDat	RNF215	22	30773835	30817760	0.0651	rs1476514	 3.84	rs5753103	 0.011478	  3.83	-1.2703	160	160	prs	0.01534	 2.66e-03	-2.74e-01	0.784058
./fusion_twas/WEIGHTS/LIV_LDL/GGT1_500kb.wgt.RDat	GGT1	22	24979718	25024972	0.2276	rs6004418	 2.85	rs2001106	 0.060844	  0.00	-1.4220	144	  8	enet	0.10663	 1.18e-14	-1.45e+00	0.147161
