FILE	ID	CHR	P0	P1	HSQ	BEST.GWAS.ID	BEST.GWAS.Z	EQTL.ID	EQTL.R2	EQTL.Z	EQTL.GWAS.Z	NSNP	NWGT	MODEL	MODELCV.R2	MODELCV.PV	TWAS.Z	TWAS.P
./fusion_twas/WEIGHTS/Blood_LDL/AXIN1_500kb.wgt.RDat	AXIN1	16	  337440	  402673	0.0914	rs4984672	 -2.59	rs214249	 2.53e-02	 -4.69	-0.74545	101	101	prs	0.04679	2.34e-06	 0.60954	5.42e-01
./fusion_twas/WEIGHTS/Blood_LDL/IL4R_500kb.wgt.RDat	IL4R	16	27324989	27376099	0.0624	rs16976728	 -2.69	rs17200617	 2.85e-02	  0.00	-0.21667	207	  4	lasso	0.04416	4.42e-06	 1.72911	8.38e-02
./fusion_twas/WEIGHTS/Blood_LDL/PDXDC2P_500kb.wgt.RDat	PDXDC2P	16	70044654	70099848	0.4410	rs12149660	 -1.54	rs1134074	 2.58e-01	-10.78	 0.90741	 57	 10	enet	0.30048	1.22e-36	-1.46237	1.44e-01
./fusion_twas/WEIGHTS/Blood_LDL/MT1F_500kb.wgt.RDat	MT1F	16	56691606	56694610	0.1563	rs7205804	-10.84	rs11076164	 6.14e-02	 -6.07	 1.43396	206	  7	enet	0.07105	6.25e-09	-0.15652	8.76e-01
./fusion_twas/WEIGHTS/Blood_LDL/RP11-44F14.1_500kb.wgt.RDat	RP11-44F14.1	16	53398894	53406995	0.1339	rs8045574	  2.20	rs2908786	 1.35e-01	 -7.83	 0.17460	129	  2	lasso	0.12572	6.57e-15	-0.24721	8.05e-01
./fusion_twas/WEIGHTS/Blood_LDL/HEATR3_500kb.wgt.RDat	HEATR3	16	50099852	50140298	0.4059	rs12597023	 -2.83	rs16947618	 5.45e-01	  0.00	 0.05063	153	  1	lasso	0.54691	9.82e-79	 2.22549	2.60e-02
./fusion_twas/WEIGHTS/Blood_LDL/KAT8_500kb.wgt.RDat	KAT8	16	31127075	31142714	0.0400	rs1549293	 -4.27	rs889555	 4.89e-02	  4.88	 1.90476	 89	 89	prs	0.04285	6.08e-06	 0.98766	3.23e-01
./fusion_twas/WEIGHTS/Blood_LDL/ROGDI_500kb.wgt.RDat	ROGDI	16	 4846969	 4852951	0.3073	rs8064024	 -3.38	rs9931084	 1.41e-01	  7.97	 1.22892	135	 22	enet	0.24600	2.38e-29	 0.78167	4.34e-01
./fusion_twas/WEIGHTS/Blood_LDL/AC137932.6_500kb.wgt.RDat	AC137932.6	16	89387541	89391518	0.0641	rs11647758	 -1.99	rs889574	 6.29e-02	 -5.40	-0.96364	127	  2	lasso	0.04823	1.64e-06	 0.93956	3.47e-01
./fusion_twas/WEIGHTS/Blood_LDL/RP11-327F22.2_500kb.wgt.RDat	RP11-327F22.2	16	50769624	50774627	0.2188	rs4785424	  2.54	rs11859674	 1.40e-01	  7.94	 0.28916	165	  5	lasso	0.13974	1.72e-16	 0.33834	7.35e-01
./fusion_twas/WEIGHTS/Blood_LDL/NQO1_500kb.wgt.RDat	NQO1	16	69740899	69760854	0.0324	rs10445010	 -2.57	rs8057271	 1.87e-02	  0.00	-0.31579	 81	  9	enet	0.01439	6.37e-03	 0.03817	9.70e-01
./fusion_twas/WEIGHTS/Blood_LDL/CARHSP1_500kb.wgt.RDat	CARHSP1	16	 8946799	 8962866	0.1665	rs1864	  2.19	rs11648372	 1.03e-01	  6.80	 0.52727	219	  5	lasso	0.10510	1.28e-12	 0.69357	4.88e-01
./fusion_twas/WEIGHTS/Blood_LDL/SNX20_500kb.wgt.RDat	SNX20	16	50700211	50715264	0.1303	rs4785424	  2.54	rs1981760	 1.02e-01	 -6.86	 0.30645	162	  2	lasso	0.09370	2.26e-11	-0.27981	7.80e-01
./fusion_twas/WEIGHTS/Blood_LDL/ATF7IP2_500kb.wgt.RDat	ATF7IP2	16	10420291	10577495	0.1097	rs3865198	 -2.68	rs12165003	 2.34e-02	  4.90	 0.01333	287	 27	enet	0.04440	4.17e-06	-0.38832	6.98e-01
./fusion_twas/WEIGHTS/Blood_LDL/FANCA_500kb.wgt.RDat	FANCA	16	89803957	89883065	0.3262	rs3826200	 -2.99	rs8058895	 2.51e-01	-10.56	-1.29412	119	  4	lasso	0.25894	4.92e-31	 1.40541	1.60e-01
./fusion_twas/WEIGHTS/Blood_LDL/CMTM3_500kb.wgt.RDat	CMTM3	16	66637777	66647795	0.1070	rs462502	  2.35	rs355942	 1.01e-01	  6.82	-1.16535	139	  6	lasso	0.13805	2.67e-16	-0.62335	5.33e-01
./fusion_twas/WEIGHTS/Blood_LDL/CCP110_500kb.wgt.RDat	CCP110	16	19535133	19564730	0.0431	rs227760	 -3.00	rs4258597	 3.60e-02	  0.00	 1.92105	177	177	prs	0.02251	8.55e-04	-0.76397	4.45e-01
./fusion_twas/WEIGHTS/Blood_LDL/MGRN1_500kb.wgt.RDat	MGRN1	16	 4666494	 4740975	0.3887	rs8064024	 -3.38	rs715109	 3.46e-01	-12.41	 1.18519	153	  7	lasso	0.35988	2.97e-45	-1.02376	3.06e-01
./fusion_twas/WEIGHTS/Blood_LDL/NFATC3_500kb.wgt.RDat	NFATC3	16	68118654	68263162	0.0479	rs2863981	 -1.95	rs2863981	 2.03e-02	 -3.91	-1.94595	 93	 93	prs	0.02191	9.92e-04	 1.35152	1.77e-01
./fusion_twas/WEIGHTS/Blood_LDL/TAOK2_500kb.wgt.RDat	TAOK2	16	29984962	30003582	0.0370	rs12443981	  1.98	rs7204797	 3.97e-02	 -4.71	-1.16981	 60	 60	prs	0.03835	1.81e-05	 1.51095	1.31e-01
./fusion_twas/WEIGHTS/Blood_LDL/MRPL28_500kb.wgt.RDat	MRPL28	16	  417384	  420527	0.0527	rs4984672	 -2.59	rs3830160	-2.23e-03	  3.54	 0.40541	101	101	prs	0.02796	2.26e-04	 0.85122	3.95e-01
./fusion_twas/WEIGHTS/Blood_LDL/GSPT1_500kb.wgt.RDat	GSPT1	16	11961985	12009939	0.1608	rs1345442	  3.84	rs3743591	 8.03e-02	 -6.33	 0.34513	202	  4	lasso	0.09988	4.79e-12	-0.78888	4.30e-01
./fusion_twas/WEIGHTS/Blood_LDL/IL32_500kb.wgt.RDat	IL32	16	 3115298	 3131908	0.2588	rs4786421	  1.98	rs560947	 4.73e-02	  5.76	 1.66071	126	 21	enet	0.16768	1.01e-19	 1.58986	1.12e-01
./fusion_twas/WEIGHTS/Blood_LDL/RRN3P2_500kb.wgt.RDat	RRN3P2	16	29086163	29128039	0.1427	rs3935714	  3.04	rs1646122	 1.26e-01	  7.55	-0.01724	 55	  2	lasso	0.13392	7.84e-16	 0.14412	8.85e-01
./fusion_twas/WEIGHTS/Blood_LDL/WWOX_500kb.wgt.RDat	WWOX	16	78133310	79246564	0.1927	rs4888037	  2.64	rs7193919	 3.00e-02	  4.74	-1.30189	840	 31	enet	0.04870	1.47e-06	-1.28304	1.99e-01
./fusion_twas/WEIGHTS/Blood_LDL/ITGAL_500kb.wgt.RDat	ITGAL	16	30483979	30534506	0.0462	rs4889606	 -3.81	rs6565191	 1.28e-03	  3.39	 1.09259	 77	 77	prs	0.01189	1.20e-02	-1.28077	2.00e-01
./fusion_twas/WEIGHTS/Blood_LDL/NAGPA_500kb.wgt.RDat	NAGPA	16	 5074845	 5084142	0.1596	rs8064024	 -3.38	rs2340713	 4.71e-02	  5.59	-0.16949	171	  3	lasso	0.10261	2.40e-12	-0.11337	9.10e-01
./fusion_twas/WEIGHTS/Blood_LDL/BAIAP3_500kb.wgt.RDat	BAIAP3	16	 1383602	 1399439	0.0926	rs2235646	 -2.39	rs3759937	 4.70e-02	 -5.86	-0.76852	134	  2	lasso	0.07486	2.44e-09	 0.04482	9.64e-01
./fusion_twas/WEIGHTS/Blood_LDL/SULT1A1_500kb.wgt.RDat	SULT1A1	16	28616903	28634946	0.3123	rs3935714	  3.04	rs17707300	 1.43e-01	 -7.97	-0.75676	 74	 27	enet	0.25131	4.88e-30	 1.19969	2.30e-01
./fusion_twas/WEIGHTS/Blood_LDL/RP11-473M20.9_500kb.wgt.RDat	RP11-473M20.9	16	 3126912	 3137101	0.1731	rs4786421	  1.98	rs1005273	 1.42e-01	  0.00	-0.37255	127	 18	enet	0.14760	2.17e-17	 1.69740	8.96e-02
./fusion_twas/WEIGHTS/Blood_LDL/DDX11L10_500kb.wgt.RDat	DDX11L10	16	   61553	   64093	0.3650	rs2857998	 -2.25	rs216590	 1.33e-01	  0.00	 0.35714	 63	 19	enet	0.22193	2.72e-26	 1.83262	6.69e-02
./fusion_twas/WEIGHTS/Blood_LDL/RP11-196G11.2_500kb.wgt.RDat	RP11-196G11.2	16	31054471	31061201	0.0857	rs1549293	 -4.27	rs17839548	 1.53e-01	  0.00	 0.00508	 91	  3	lasso	0.14278	7.72e-17	 0.83211	4.05e-01
./fusion_twas/WEIGHTS/Blood_LDL/RP11-96D1.11_500kb.wgt.RDat	RP11-96D1.11	16	68259872	68263048	0.0436	rs2863981	 -1.95	rs6499141	 4.87e-03	  0.00	-1.39326	 84	 84	prs	0.01291	9.26e-03	 0.56129	5.75e-01
./fusion_twas/WEIGHTS/Blood_LDL/DUS2_500kb.wgt.RDat	DUS2	16	68021649	68113223	0.1450	rs2863981	 -1.95	rs6499157	 1.43e-01	  8.53	-0.72340	 82	  5	lasso	0.16841	8.32e-20	-0.77909	4.36e-01
./fusion_twas/WEIGHTS/Blood_LDL/NTAN1_500kb.wgt.RDat	NTAN1	16	15131710	15149921	0.0254	rs3198697	  2.59	rs222135	-2.17e-03	  2.90	-0.77778	 27	 27	prs	0.01120	1.43e-02	-1.48279	1.38e-01
./fusion_twas/WEIGHTS/Blood_LDL/RSL1D1_500kb.wgt.RDat	RSL1D1	16	11929056	11945442	0.0605	rs1345442	  3.84	rs10492853	-1.16e-03	 -3.49	-0.52174	192	192	prs	0.00930	2.32e-02	-2.10220	3.55e-02
./fusion_twas/WEIGHTS/Blood_LDL/XYLT1_500kb.wgt.RDat	XYLT1	16	17195626	17564738	0.0809	rs11075365	  2.75	rs12373093	 2.22e-03	  4.09	-0.58929	221	221	prs	0.02474	4.95e-04	-1.46600	1.43e-01
./fusion_twas/WEIGHTS/Blood_LDL/SH2B1_500kb.wgt.RDat	SH2B1	16	28857921	28885526	0.0238	rs3935714	  3.04	rs12325113	 2.08e-02	 -4.18	-0.81081	 73	 73	prs	0.02230	9.01e-04	 0.49929	6.18e-01
./fusion_twas/WEIGHTS/Blood_LDL/AC002310.12_500kb.wgt.RDat	AC002310.12	16	30546073	30548465	0.0797	rs4889606	 -3.81	rs4243233	 9.74e-03	  3.75	 0.70270	 66	  5	lasso	0.02089	1.27e-03	 1.39337	1.64e-01
./fusion_twas/WEIGHTS/Blood_LDL/TMC5_500kb.wgt.RDat	TMC5	16	19421818	19510435	0.0531	rs9934555	 -3.68	rs9926931	 7.65e-03	  0.00	 0.75962	180	  3	lasso	0.01070	1.62e-02	-0.64999	5.16e-01
./fusion_twas/WEIGHTS/Blood_LDL/RRN3_500kb.wgt.RDat	RRN3	16	15153879	15188174	0.0789	rs3198697	  2.59	rs2280018	 9.20e-02	  6.77	-1.68421	 28	  1	lasso	0.08633	1.42e-10	-1.68421	9.21e-02
./fusion_twas/WEIGHTS/Blood_LDL/SULT1A2_500kb.wgt.RDat	SULT1A2	16	28603264	28608430	0.0866	rs3935714	  3.04	rs12446550	 6.80e-02	  5.64	-0.65789	 75	 18	enet	0.05607	2.44e-07	-0.28643	7.75e-01
./fusion_twas/WEIGHTS/Blood_LDL/NPIPA5_500kb.wgt.RDat	NPIPA5	16	15457516	15474904	0.4478	rs3198697	  2.59	rs3198697	 2.25e-01	 10.00	 2.59459	 74	 40	enet	0.24252	6.66e-29	 2.45803	1.40e-02
./fusion_twas/WEIGHTS/Blood_LDL/HP_500kb.wgt.RDat	HP	16	72088491	72094954	0.3882	rs217181	-11.14	rs7203606	 3.52e-01	  0.00	-2.44737	102	  4	lasso	0.37599	1.00e-47	-0.84327	3.99e-01
./fusion_twas/WEIGHTS/Blood_LDL/ITGAX_500kb.wgt.RDat	ITGAX	16	31366455	31394318	0.1182	rs1549293	 -4.27	rs11150614	 1.59e-01	 -8.49	-1.81818	 89	 11	enet	0.16070	6.64e-19	 0.75099	4.53e-01
./fusion_twas/WEIGHTS/Blood_LDL/AC005363.9_500kb.wgt.RDat	AC005363.9	16	 2013746	 2014096	0.6680	rs2238464	  2.73	rs758334	 5.08e-01	 14.91	-0.10256	125	  5	lasso	0.53926	4.10e-77	 0.03870	9.69e-01
./fusion_twas/WEIGHTS/Blood_LDL/FBRS_500kb.wgt.RDat	FBRS	16	30669752	30682135	0.1403	rs1549293	 -4.27	rs9924077	 1.06e-02	 -4.99	-0.42236	 71	 19	enet	0.03919	1.48e-05	 0.85637	3.92e-01
./fusion_twas/WEIGHTS/Blood_LDL/CENPN_500kb.wgt.RDat	CENPN	16	81040103	81066719	0.0500	rs1981867	 -2.74	rs2602431	 2.47e-02	  4.77	-0.44444	242	  3	lasso	0.03461	4.48e-05	-0.01611	9.87e-01
./fusion_twas/WEIGHTS/Blood_LDL/COTL1_500kb.wgt.RDat	COTL1	16	84599200	84651683	0.1049	rs3803630	 -2.99	rs7204697	 6.15e-02	 -5.46	-0.25926	455	  1	lasso	0.04754	1.95e-06	 0.25926	7.95e-01
./fusion_twas/WEIGHTS/Blood_LDL/SLC12A4_500kb.wgt.RDat	SLC12A4	16	67977377	68003504	0.0270	rs2863981	 -1.95	rs255048	 2.06e-02	  4.29	-0.51351	 79	  4	enet	0.01866	2.21e-03	-0.60889	5.43e-01
./fusion_twas/WEIGHTS/Blood_LDL/BRD7_500kb.wgt.RDat	BRD7	16	50347398	50402845	0.3128	rs12597023	 -2.83	rs11644043	 2.44e-01	 10.41	 0.68116	135	  4	lasso	0.24206	7.63e-29	 0.71218	4.76e-01
./fusion_twas/WEIGHTS/Blood_LDL/MT2A_500kb.wgt.RDat	MT2A	16	56642111	56643409	0.1000	rs7205804	-10.84	rs11642055	 1.22e-01	 -7.40	 1.85870	196	  3	lasso	0.12760	4.05e-15	-1.64439	1.00e-01
./fusion_twas/WEIGHTS/Blood_LDL/ATMIN_500kb.wgt.RDat	ATMIN	16	81069452	81080963	0.0635	rs1981867	 -2.74	rs2602431	 1.37e-02	  4.56	-0.44444	243	243	prs	0.03563	3.50e-05	-0.03186	9.75e-01
./fusion_twas/WEIGHTS/Blood_LDL/EXOSC6_500kb.wgt.RDat	EXOSC6	16	70284134	70285833	0.1312	rs734147	  1.74	rs4985407	 1.70e-01	  8.67	-1.26923	 57	  2	lasso	0.16074	6.57e-19	-1.25287	2.10e-01
./fusion_twas/WEIGHTS/Blood_LDL/HMOX2_500kb.wgt.RDat	HMOX2	16	 4524691	 4560348	0.0555	rs8064024	 -3.38	rs2238439	-2.13e-03	  0.00	 0.70769	156	 16	enet	0.00939	2.27e-02	 1.47129	1.41e-01
./fusion_twas/WEIGHTS/Blood_LDL/C16orf45_500kb.wgt.RDat	C16orf45	16	15528152	15718885	0.0808	rs152023	  3.18	rs2075513	 4.76e-02	 -4.98	 1.56250	199	 35	enet	0.06859	1.14e-08	-1.43650	1.51e-01
./fusion_twas/WEIGHTS/Blood_LDL/RP11-388M20.6_500kb.wgt.RDat	RP11-388M20.6	16	31193832	31194606	0.0357	rs1549293	 -4.27	rs1052352	 1.69e-02	 -4.16	 0.26316	 90	  5	lasso	0.02433	5.48e-04	-0.47368	6.36e-01
./fusion_twas/WEIGHTS/Blood_LDL/PAM16_500kb.wgt.RDat	PAM16	16	 4381550	 4405608	0.0912	rs8064024	 -3.38	rs2072151	 7.47e-02	 -6.12	-2.57627	130	  3	lasso	0.07004	8.00e-09	 2.47116	1.35e-02
./fusion_twas/WEIGHTS/Blood_LDL/CSNK2A2_500kb.wgt.RDat	CSNK2A2	16	58191811	58231824	0.0757	rs16959623	 -2.70	rs2242445	 6.10e-02	  6.11	 0.02817	210	 12	enet	0.07738	1.31e-09	 0.65445	5.13e-01
./fusion_twas/WEIGHTS/Blood_LDL/PRKCB_500kb.wgt.RDat	PRKCB	16	23847322	24231932	0.3206	rs1548384	 -2.95	rs2188355	 1.60e-01	 -8.46	-0.69811	251	  6	lasso	0.31912	2.91e-39	 0.61484	5.39e-01
./fusion_twas/WEIGHTS/Blood_LDL/CMTR2_500kb.wgt.RDat	CMTR2	16	71315292	71323618	0.2781	rs6499515	  5.03	rs3826247	 2.11e-01	  9.66	 3.70370	 87	  2	lasso	0.21883	6.63e-26	 3.72715	1.94e-04
./fusion_twas/WEIGHTS/Blood_LDL/NPRL3_500kb.wgt.RDat	NPRL3	16	  134273	  188859	0.1685	rs4984672	 -2.59	rs216590	-3.01e-04	  3.39	 0.35714	 70	 36	enet	0.08229	3.89e-10	-1.32742	1.84e-01
./fusion_twas/WEIGHTS/Blood_LDL/ABAT_500kb.wgt.RDat	ABAT	16	 8768422	 8878432	0.3887	rs8057314	  2.35	rs8050839	 1.41e-01	 -8.42	-1.07143	267	  5	lasso	0.29247	1.56e-35	 0.58920	5.56e-01
./fusion_twas/WEIGHTS/Blood_LDL/CDK10_500kb.wgt.RDat	CDK10	16	89747145	89762772	0.4032	rs3826200	 -2.99	rs4785719	 2.28e-01	  0.00	 0.50000	129	 35	enet	0.36386	7.38e-46	-0.14179	8.87e-01
./fusion_twas/WEIGHTS/Blood_LDL/TMEM159_500kb.wgt.RDat	TMEM159	16	21169698	21191937	0.0560	rs7204169	 -1.89	rs8055894	 6.42e-02	 -5.62	-0.34177	102	  3	lasso	0.05469	3.42e-07	-0.06486	9.48e-01
./fusion_twas/WEIGHTS/Blood_LDL/METTL9_500kb.wgt.RDat	METTL9	16	21608539	21668794	0.0580	rs8054407	 -3.19	rs226005	 4.16e-02	  4.90	-1.08621	 71	  2	lasso	0.02800	2.23e-04	-1.42819	1.53e-01
./fusion_twas/WEIGHTS/Blood_LDL/RP11-166B2.1_500kb.wgt.RDat	RP11-166B2.1	16	12021230	12070500	0.0811	rs1345442	  3.84	rs417938	 8.79e-02	  6.44	 1.42308	198	  9	enet	0.06963	8.84e-09	 1.79392	7.28e-02
./fusion_twas/WEIGHTS/Blood_LDL/TMEM8A_500kb.wgt.RDat	TMEM8A	16	  420773	  437113	0.3460	rs4984672	 -2.59	rs743961	 1.55e-01	  9.55	-0.55682	102	 20	enet	0.37914	3.23e-48	-0.00699	9.94e-01
./fusion_twas/WEIGHTS/Blood_LDL/ELMO3_500kb.wgt.RDat	ELMO3	16	67233014	67237932	0.0559	rs462502	  2.35	rs7186310	 6.84e-02	  6.22	-0.16867	 84	 84	prs	0.08064	5.86e-10	-0.75240	4.52e-01
./fusion_twas/WEIGHTS/Blood_LDL/BCKDK_500kb.wgt.RDat	BCKDK	16	31117428	31124110	0.0356	rs1549293	 -4.27	rs4889606	 1.67e-02	  4.18	-3.81081	 88	 88	prs	0.01975	1.68e-03	-2.23623	2.53e-02
./fusion_twas/WEIGHTS/Blood_LDL/METRN_500kb.wgt.RDat	METRN	16	  765115	  769655	0.0608	rs4984672	 -2.59	rs2072042	-6.00e-04	  3.60	-0.98333	129	 24	enet	0.02505	4.60e-04	-0.93170	3.51e-01
./fusion_twas/WEIGHTS/Blood_LDL/C16orf54_500kb.wgt.RDat	C16orf54	16	29753784	29757327	0.0716	rs257868	  2.19	rs9940962	 3.95e-02	  4.72	-0.73684	 53	  2	lasso	0.02486	4.81e-04	-0.55860	5.76e-01
./fusion_twas/WEIGHTS/Blood_LDL/RP11-538I12.2_500kb.wgt.RDat	RP11-538I12.2	16	77235371	77283854	0.1732	rs10514410	  3.05	rs4888608	 1.60e-01	  8.51	-0.12963	273	  4	lasso	0.17854	5.30e-21	 0.01160	9.91e-01
./fusion_twas/WEIGHTS/Blood_LDL/NME4_500kb.wgt.RDat	NME4	16	  446725	  460367	0.2985	rs4984672	 -2.59	rs4984666	 2.88e-01	 11.26	-0.15254	104	  8	lasso	0.32765	1.74e-40	 0.25221	8.01e-01
./fusion_twas/WEIGHTS/Blood_LDL/ARL6IP1_500kb.wgt.RDat	ARL6IP1	16	18802991	18813000	0.1178	rs9934555	 -3.68	rs2291661	 1.21e-01	 -7.44	 2.20755	 81	  1	lasso	0.11530	9.57e-14	-2.20755	2.73e-02
./fusion_twas/WEIGHTS/Blood_LDL/ZNF75A_500kb.wgt.RDat	ZNF75A	16	 3355406	 3368852	0.1266	rs17183750	 -2.39	rs2074907	 1.18e-01	  0.00	 0.30508	139	  4	lasso	0.11353	1.50e-13	-0.43028	6.67e-01
./fusion_twas/WEIGHTS/Blood_LDL/SPNS1_500kb.wgt.RDat	SPNS1	16	28985542	28995869	0.1509	rs3935714	  3.04	rs8045689	 1.64e-01	  8.60	-1.32558	 74	  4	lasso	0.16686	1.26e-19	-1.30839	1.91e-01
./fusion_twas/WEIGHTS/Blood_LDL/PRMT7_500kb.wgt.RDat	PRMT7	16	68344877	68392466	0.1581	rs9937080	  2.31	rs34693072	 8.94e-02	  0.00	 0.59524	 96	  3	lasso	0.10775	6.55e-13	-1.03718	3.00e-01
./fusion_twas/WEIGHTS/Blood_LDL/SLC7A6_500kb.wgt.RDat	SLC7A6	16	68298433	68335722	0.1147	rs2863981	 -1.95	rs9935025	 1.26e-01	 -7.90	-1.75676	 88	  4	lasso	0.12630	5.67e-15	 1.80245	7.15e-02
./fusion_twas/WEIGHTS/Blood_LDL/NUDT7_500kb.wgt.RDat	NUDT7	16	77756411	77776157	0.3119	rs10514410	  3.05	rs3743756	 1.20e-01	  8.36	-1.08140	367	  7	lasso	0.24937	8.71e-30	-1.18154	2.37e-01
./fusion_twas/WEIGHTS/Blood_LDL/NSMCE1_500kb.wgt.RDat	NSMCE1	16	27236312	27280115	0.1355	rs16976728	 -2.69	rs2958	 8.42e-02	  6.90	-0.67273	209	 29	enet	0.11727	5.79e-14	 0.10581	9.16e-01
./fusion_twas/WEIGHTS/Blood_LDL/RP11-645C24.5_500kb.wgt.RDat	RP11-645C24.5	16	21805416	21807080	0.4274	rs8054407	 -3.19	rs4783414	 2.20e-01	-10.01	-1.69565	 52	 23	enet	0.36467	5.55e-46	 1.37729	1.68e-01
./fusion_twas/WEIGHTS/Blood_LDL/ZKSCAN2_500kb.wgt.RDat	ZKSCAN2	16	25247322	25269252	0.0766	rs8054701	  2.26	rs7184511	 3.18e-02	  4.91	 0.29630	171	  2	lasso	0.02200	9.70e-04	 0.37892	7.05e-01
./fusion_twas/WEIGHTS/Blood_LDL/ITGAD_500kb.wgt.RDat	ITGAD	16	31404633	31437826	0.2616	rs1549293	 -4.27	rs2454909	 1.47e-01	  8.05	 1.80000	 91	 15	enet	0.22383	1.57e-26	 1.07811	2.81e-01
./fusion_twas/WEIGHTS/Blood_LDL/KLHDC4_500kb.wgt.RDat	KLHDC4	16	87730091	87799598	0.2667	rs997761	 -2.87	rs9940714	 1.31e-01	 -7.84	 1.16949	192	  5	lasso	0.16654	1.38e-19	-1.58897	1.12e-01
./fusion_twas/WEIGHTS/Blood_LDL/AKTIP_500kb.wgt.RDat	AKTIP	16	53524952	53538323	0.0600	rs8056040	 -2.34	rs17800727	 4.13e-02	  4.73	-1.74138	149	  2	lasso	0.03343	5.97e-05	-1.37912	1.68e-01
./fusion_twas/WEIGHTS/Blood_LDL/SEC14L5_500kb.wgt.RDat	SEC14L5	16	 5008318	 5069159	0.4034	rs8064024	 -3.38	rs7191632	 3.64e-01	 12.85	-0.21818	171	 13	enet	0.39638	6.02e-51	 0.11774	9.06e-01
./fusion_twas/WEIGHTS/Blood_LDL/TAF1C_500kb.wgt.RDat	TAF1C	16	84211458	84220669	0.1838	rs9922459	  3.82	rs3803643	 1.17e-01	 -7.29	-0.20755	489	  5	lasso	0.10775	6.56e-13	 0.04263	9.66e-01
./fusion_twas/WEIGHTS/Blood_LDL/ZNF668_500kb.wgt.RDat	ZNF668	16	31072813	31073451	0.0374	rs1549293	 -4.27	rs4889606	 3.33e-02	  4.26	-3.81081	 88	 88	prs	0.02649	3.23e-04	-1.96593	4.93e-02
./fusion_twas/WEIGHTS/Blood_LDL/ITFG3_500kb.wgt.RDat	ITFG3	16	  299546	  319942	0.0506	rs4984672	 -2.59	rs6600191	 3.86e-02	 -4.61	 0.31884	 88	  4	lasso	0.03818	1.89e-05	-0.28422	7.76e-01
./fusion_twas/WEIGHTS/Blood_LDL/XPO6_500kb.wgt.RDat	XPO6	16	28109300	28223241	0.1032	rs4787451	 -2.97	rs4075049	 9.07e-02	  6.58	-0.64912	146	  3	lasso	0.09241	3.13e-11	-0.72167	4.70e-01
./fusion_twas/WEIGHTS/Blood_LDL/ZNF276_500kb.wgt.RDat	ZNF276	16	89786808	89807311	0.0709	rs3826200	 -2.99	rs1800337	 4.37e-02	  4.62	-0.62264	124	 13	enet	0.04522	3.41e-06	-0.43585	6.63e-01
./fusion_twas/WEIGHTS/Blood_LDL/C16orf13_500kb.wgt.RDat	C16orf13	16	  684429	  686358	0.1661	rs4984672	 -2.59	rs4984683	 9.76e-02	  6.84	-1.38235	134	 22	enet	0.10614	9.86e-13	-1.54223	1.23e-01
./fusion_twas/WEIGHTS/Blood_LDL/CCDC154_500kb.wgt.RDat	CCDC154	16	 1484384	 1494557	0.1644	rs2235646	 -2.39	rs12932780	 1.27e-01	  7.61	-0.23864	141	  3	lasso	0.11758	5.34e-14	-0.18421	8.54e-01
./fusion_twas/WEIGHTS/Blood_LDL/FAM157C_500kb.wgt.RDat	FAM157C	16	90168679	90244752	0.5906	rs3826200	 -2.99	rs12925933	 3.77e-01	-12.90	-1.77193	 68	 30	enet	0.40962	4.25e-53	 1.79134	7.32e-02
./fusion_twas/WEIGHTS/Blood_LDL/RBL2_500kb.wgt.RDat	RBL2	16	53467889	53525561	0.4031	NA	    NA	NA	       NA	    NA	      NA	154	  0	lasso	0.57461	7.67e-85	      NA	      NA
./fusion_twas/WEIGHTS/Blood_LDL/ADCY9_500kb.wgt.RDat	ADCY9	16	 4003388	 4166186	0.3291	rs2072151	 -2.58	rs7204987	 1.84e-01	  9.08	 1.70370	150	  5	lasso	0.26417	1.01e-31	 2.04526	4.08e-02
./fusion_twas/WEIGHTS/Blood_LDL/NMRAL1_500kb.wgt.RDat	NMRAL1	16	 4511681	 4545764	0.2622	rs8064024	 -3.38	rs4786500	 1.25e-01	  7.54	-0.66102	156	156	blup	0.21163	5.19e-25	-0.34662	7.29e-01
./fusion_twas/WEIGHTS/Blood_LDL/PLK1_500kb.wgt.RDat	PLK1	16	23688977	23701688	0.0709	rs9939028	  2.77	rs34514	 8.14e-02	  6.12	-1.95238	148	  5	lasso	0.07788	1.16e-09	-1.59008	1.12e-01
./fusion_twas/WEIGHTS/Blood_LDL/DPEP2_500kb.wgt.RDat	DPEP2	16	68021297	68034489	0.0284	rs2863981	 -1.95	rs13334182	 1.66e-02	  0.00	 0.40453	 76	 76	prs	0.02718	2.73e-04	-0.84113	4.00e-01
./fusion_twas/WEIGHTS/Blood_LDL/FLYWCH1_500kb.wgt.RDat	FLYWCH1	16	 2961938	 3001209	0.5688	rs1136062	  2.58	rs734138	 5.33e-01	 15.27	 0.65517	114	 16	enet	0.56707	3.84e-83	 0.63946	5.23e-01
./fusion_twas/WEIGHTS/Blood_LDL/THUMPD1_500kb.wgt.RDat	THUMPD1	16	20744986	20753406	0.0688	rs12930599	 -2.16	rs9927608	 5.18e-02	  0.00	-1.76316	145	145	prs	0.04559	3.12e-06	 0.46024	6.45e-01
./fusion_twas/WEIGHTS/Blood_LDL/IFT140_500kb.wgt.RDat	IFT140	16	 1560428	 1662111	0.0709	rs2235646	 -2.39	rs2076417	 1.01e-02	  3.89	-1.49231	142	142	prs	0.02656	3.18e-04	-1.86600	6.20e-02
./fusion_twas/WEIGHTS/Blood_LDL/MLST8_500kb.wgt.RDat	MLST8	16	 2254249	 2259417	0.1234	rs2238464	  2.73	rs26828	 7.28e-02	 -6.04	-1.49091	 95	  6	lasso	0.07367	3.28e-09	 1.62001	1.05e-01
./fusion_twas/WEIGHTS/Blood_LDL/RFWD3_500kb.wgt.RDat	RFWD3	16	74655292	74700779	0.1467	rs4888327	 -2.58	rs3815826	 5.41e-02	  5.56	 0.18462	126	 16	enet	0.06689	1.73e-08	-0.06636	9.47e-01
./fusion_twas/WEIGHTS/Blood_LDL/RP11-958N24.1_500kb.wgt.RDat	RP11-958N24.1	16	15005408	15029565	0.1082	rs3198697	  2.59	rs9927842	 6.12e-02	  5.69	 0.36709	 25	 25	blup	0.06759	1.46e-08	 0.08262	9.34e-01
./fusion_twas/WEIGHTS/Blood_LDL/GALNS_500kb.wgt.RDat	GALNS	16	88880142	88923378	0.0962	rs12447718	  4.16	rs7500313	 6.36e-02	  0.00	-0.11905	137	137	prs	0.07033	7.45e-09	-0.33437	7.38e-01
./fusion_twas/WEIGHTS/Blood_LDL/C16orf74_500kb.wgt.RDat	C16orf74	16	85723690	85784735	0.1420	rs451871	  3.07	rs4843856	 1.83e-02	  4.46	 1.03509	344	344	prs	0.04141	8.61e-06	-1.64538	9.99e-02
./fusion_twas/WEIGHTS/Blood_LDL/VPS9D1_500kb.wgt.RDat	VPS9D1	16	89773542	89787394	0.2524	rs3826200	 -2.99	rs8058895	 1.12e-01	  7.20	-1.29412	128	  7	lasso	0.16593	1.63e-19	-1.05616	2.91e-01
./fusion_twas/WEIGHTS/Blood_LDL/WDR90_500kb.wgt.RDat	WDR90	16	  699311	  717833	0.1552	rs4984672	 -2.59	rs9934288	 1.12e-01	 -7.62	-0.13131	132	  2	lasso	0.12170	1.85e-14	 0.15248	8.79e-01
./fusion_twas/WEIGHTS/Blood_LDL/CMC2_500kb.wgt.RDat	CMC2	16	81009698	81053875	0.1104	rs1981867	 -2.74	rs10514501	 1.12e-01	  0.00	 2.27869	249	  2	lasso	0.10173	3.01e-12	 0.36435	7.16e-01
./fusion_twas/WEIGHTS/Blood_LDL/CLUAP1_500kb.wgt.RDat	CLUAP1	16	 3550924	 3589048	0.4078	rs17183750	 -2.39	rs12933120	 4.28e-01	 13.73	-1.62025	140	 27	enet	0.51312	9.04e-72	-1.45427	1.46e-01
./fusion_twas/WEIGHTS/Blood_LDL/FHOD1_500kb.wgt.RDat	FHOD1	16	67263290	67281561	0.1404	rs462502	  2.35	rs3785089	 4.07e-02	  0.00	 0.75728	 82	  3	lasso	0.05298	5.19e-07	-2.56280	1.04e-02
./fusion_twas/WEIGHTS/Blood_LDL/SNAI3-AS1_500kb.wgt.RDat	SNAI3-AS1	16	88729706	88753594	0.1226	rs12447718	  4.16	rs11076696	 5.01e-02	 -5.76	-0.34921	122	  4	lasso	0.08229	3.88e-10	 1.01400	3.11e-01
./fusion_twas/WEIGHTS/Blood_LDL/PAPD5_500kb.wgt.RDat	PAPD5	16	50186829	50269221	0.0620	rs12597023	 -2.83	rs1872691	 5.51e-03	  3.61	 0.85507	145	145	blup	0.03088	1.11e-04	 0.22078	8.25e-01
./fusion_twas/WEIGHTS/Blood_LDL/DNASE1_500kb.wgt.RDat	DNASE1	16	 3661729	 3730144	0.0573	rs7193552	  2.49	rs13332500	 4.11e-02	 -4.38	-0.84211	150	  2	lasso	0.03124	1.02e-04	 0.71706	4.73e-01
./fusion_twas/WEIGHTS/Blood_LDL/LA16c-380H5.5_500kb.wgt.RDat	LA16c-380H5.5	16	 3056121	 3057386	0.0609	rs4786421	  1.98	rs2526269	 1.85e-03	 -3.55	 0.66129	118	118	prs	0.01283	9.43e-03	-0.45072	6.52e-01
./fusion_twas/WEIGHTS/Blood_LDL/AMFR_500kb.wgt.RDat	AMFR	16	56395364	56459450	0.1033	rs7189122	 -3.38	rs918784	 4.85e-02	  5.72	-2.88000	169	169	prs	0.08312	3.16e-10	-2.55930	1.05e-02
./fusion_twas/WEIGHTS/Blood_LDL/NUTF2_500kb.wgt.RDat	NUTF2	16	67880635	67906470	0.0479	rs2863981	 -1.95	rs13338993	-6.79e-05	 -2.85	-0.40952	 77	 77	prs	0.01849	2.30e-03	 0.61706	5.37e-01
./fusion_twas/WEIGHTS/Blood_LDL/CDR2_500kb.wgt.RDat	CDR2	16	22357257	22448486	0.1023	rs1862657	 -2.29	rs8062706	 6.35e-02	 -5.46	-0.43548	104	  5	lasso	0.06959	8.93e-09	 0.48729	6.26e-01
./fusion_twas/WEIGHTS/Blood_LDL/MVP_500kb.wgt.RDat	MVP	16	29831715	29859355	0.1650	rs257868	  2.19	rs1057451	 1.48e-01	  8.15	 0.97368	 45	  4	lasso	0.16828	8.63e-20	 0.33960	7.34e-01
./fusion_twas/WEIGHTS/Blood_LDL/POLR3K_500kb.wgt.RDat	POLR3K	16	   96407	  103628	0.0971	rs2857998	 -2.25	rs1045001	 8.16e-02	 -6.32	 1.32432	 65	  2	lasso	0.07396	3.05e-09	-1.38470	1.66e-01
./fusion_twas/WEIGHTS/Blood_LDL/YPEL3_500kb.wgt.RDat	YPEL3	16	30103635	30108236	0.0592	rs3087443	  2.42	rs12444415	 8.02e-02	  6.66	-1.89286	 72	 72	prs	0.08298	3.27e-10	-1.49431	1.35e-01
./fusion_twas/WEIGHTS/Blood_LDL/CLCN7_500kb.wgt.RDat	CLCN7	16	 1494935	 1525581	0.2678	rs2235646	 -2.39	rs12932780	 2.15e-01	 -9.78	-0.23864	140	  5	lasso	0.21575	1.60e-25	 0.27357	7.84e-01
./fusion_twas/WEIGHTS/Blood_LDL/CRISPLD2_500kb.wgt.RDat	CRISPLD2	16	84853590	84954374	0.3142	rs3803630	 -2.99	rs8057431	 1.84e-01	 -9.02	-0.30000	410	 23	enet	0.24689	1.82e-29	 0.14244	8.87e-01
./fusion_twas/WEIGHTS/Blood_LDL/TPPP3_500kb.wgt.RDat	TPPP3	16	67423712	67427438	0.0420	rs9033	 -2.16	rs9922624	-2.22e-03	  3.03	-0.27723	 79	 79	blup	0.01628	3.98e-03	 0.54187	5.88e-01
./fusion_twas/WEIGHTS/Blood_LDL/CLUHP3_500kb.wgt.RDat	CLUHP3	16	31711911	31721097	0.4179	rs2929	  2.23	rs929209	 5.06e-01	 15.01	 1.24561	 68	  4	lasso	0.53426	4.55e-76	 0.85794	3.91e-01
./fusion_twas/WEIGHTS/Blood_LDL/RP11-645C24.2_500kb.wgt.RDat	RP11-645C24.2	16	21890659	21930477	0.0458	rs8054407	 -3.19	rs11640226	 3.35e-02	  3.97	-0.55814	 54	  3	lasso	0.03706	2.48e-05	-0.61466	5.39e-01
./fusion_twas/WEIGHTS/Blood_LDL/RP11-44F14.8_500kb.wgt.RDat	RP11-44F14.8	16	53420856	53422997	0.1935	rs8045574	  2.20	rs9922011	 1.60e-01	  8.55	-0.13559	129	 15	enet	0.17685	8.41e-21	 0.74825	4.54e-01
./fusion_twas/WEIGHTS/Blood_LDL/KNOP1_500kb.wgt.RDat	KNOP1	16	19714902	19729557	0.1318	rs227760	 -3.00	rs3829539	 1.71e-01	  8.78	-2.18000	168	  3	lasso	0.16952	6.17e-20	-2.18196	2.91e-02
./fusion_twas/WEIGHTS/Blood_LDL/SNAI3_500kb.wgt.RDat	SNAI3	16	88744090	88752901	0.1721	rs12447718	  4.16	rs11648894	 5.27e-02	  5.02	 0.50847	121	 22	enet	0.09368	2.27e-11	-0.24903	8.03e-01
./fusion_twas/WEIGHTS/Blood_LDL/PRSS30P_500kb.wgt.RDat	PRSS30P	16	 2889569	 2892745	0.2995	rs4332747	  2.67	rs3810801	 1.49e-01	  8.17	-0.80702	 98	  6	lasso	0.22642	7.43e-27	-0.29407	7.69e-01
./fusion_twas/WEIGHTS/Blood_LDL/RMI2_500kb.wgt.RDat	RMI2	16	11343476	11445619	0.1690	rs1345442	  3.84	rs7191700	 1.52e-01	  8.40	 1.74545	234	  5	lasso	0.14217	9.07e-17	 1.75049	8.00e-02
./fusion_twas/WEIGHTS/Blood_LDL/INO80E_500kb.wgt.RDat	INO80E	16	30006615	30017114	0.0941	rs12443981	  1.98	rs11150577	 1.04e-01	 -7.28	-1.32075	 61	  4	lasso	0.12712	4.58e-15	 1.31102	1.90e-01
./fusion_twas/WEIGHTS/Blood_LDL/MYH11_500kb.wgt.RDat	MYH11	16	15797029	15950890	0.3090	rs152023	  3.18	rs10521101	 2.29e-01	 10.60	-0.46154	224	  3	lasso	0.27654	2.27e-33	-0.45611	6.48e-01
./fusion_twas/WEIGHTS/Blood_LDL/HBM_500kb.wgt.RDat	HBM	16	  203891	  216767	0.0697	rs4984672	 -2.59	rs2857998	 3.29e-02	  4.29	-2.25455	 74	  5	lasso	0.01642	3.84e-03	-1.95314	5.08e-02
./fusion_twas/WEIGHTS/Blood_LDL/MMP25_500kb.wgt.RDat	MMP25	16	 3096682	 3110727	0.0720	rs4786421	  1.98	rs7188573	 1.93e-02	  4.20	 0.62500	125	  4	lasso	0.01079	1.59e-02	 0.67616	4.99e-01
./fusion_twas/WEIGHTS/Blood_LDL/AFG3L1P_500kb.wgt.RDat	AFG3L1P	16	90038994	90068569	0.0598	rs3826200	 -2.99	rs3803684	 7.54e-02	 -6.15	 0.57282	 91	  3	lasso	0.06620	2.05e-08	-0.28565	7.75e-01
./fusion_twas/WEIGHTS/Blood_LDL/CTA-363E6.6_500kb.wgt.RDat	CTA-363E6.6	16	19488238	19499221	0.0714	rs227760	 -3.00	rs17227921	 4.01e-02	 -4.39	 0.25926	171	  6	enet	0.04110	9.30e-06	-0.52551	5.99e-01
./fusion_twas/WEIGHTS/Blood_LDL/RSPRY1_500kb.wgt.RDat	RSPRY1	16	57220049	57274387	0.0660	rs7205804	-10.84	rs17372662	 1.22e-02	 -3.96	 0.27586	256	256	prs	0.03122	1.02e-04	 0.63974	5.22e-01
./fusion_twas/WEIGHTS/Blood_LDL/DBNDD1_500kb.wgt.RDat	DBNDD1	16	90071273	90086536	0.2238	rs3826200	 -2.99	rs3922634	 2.92e-01	  0.00	 1.00000	 87	  8	enet	0.29613	4.88e-36	 0.10109	9.19e-01
./fusion_twas/WEIGHTS/Blood_LDL/NOD2_500kb.wgt.RDat	NOD2	16	50727514	50766988	0.0709	rs4785424	  2.54	rs1981760	 5.81e-02	  5.52	 0.30645	169	  2	lasso	0.05307	5.07e-07	 0.18834	8.51e-01
./fusion_twas/WEIGHTS/Blood_LDL/NOB1_500kb.wgt.RDat	NOB1	16	69775770	69788843	0.0444	rs10445010	 -2.57	rs7192380	-2.20e-03	 -3.38	-0.15094	 82	 82	prs	0.00144	2.00e-01	-0.22611	8.21e-01
./fusion_twas/WEIGHTS/Blood_LDL/NARFL_500kb.wgt.RDat	NARFL	16	  779753	  791329	0.3111	rs4984672	 -2.59	rs2071951	 2.72e-01	 10.99	-0.66250	128	  1	lasso	0.26976	1.83e-32	-0.66250	5.08e-01
./fusion_twas/WEIGHTS/Blood_LDL/LCAT_500kb.wgt.RDat	LCAT	16	67973653	67978034	0.0465	rs2863981	 -1.95	rs6499143	 5.91e-02	  6.22	-0.88060	 78	 78	prs	0.08275	3.47e-10	-0.70620	4.80e-01
./fusion_twas/WEIGHTS/Blood_LDL/CFDP1_500kb.wgt.RDat	CFDP1	16	75327596	75467383	0.0644	rs5010692	  3.16	rs10871308	 5.77e-02	  5.31	 0.62791	141	 10	enet	0.05357	4.49e-07	 0.89272	3.72e-01
./fusion_twas/WEIGHTS/Blood_LDL/NLRC5_500kb.wgt.RDat	NLRC5	16	57023397	57117443	0.0942	rs7205804	-10.84	rs4784744	 1.75e-02	  4.70	 2.96491	244	  4	lasso	0.08957	6.35e-11	 1.05343	2.92e-01
./fusion_twas/WEIGHTS/Blood_LDL/ZNF213_500kb.wgt.RDat	ZNF213	16	 3179778	 3192806	0.1313	rs4786421	  1.98	rs2280950	 7.59e-02	  5.96	-0.01887	130	  3	lasso	0.07116	6.07e-09	-0.21502	8.30e-01
./fusion_twas/WEIGHTS/Blood_LDL/CES1_500kb.wgt.RDat	CES1	16	55836763	55867249	0.3188	rs3848303	  2.75	rs12928690	 1.09e-01	  0.00	 1.33333	187	 31	enet	0.19866	2.02e-23	 1.56406	1.18e-01
./fusion_twas/WEIGHTS/Blood_LDL/NAA60_500kb.wgt.RDat	NAA60	16	 3493611	 3536963	0.1915	rs17183750	 -2.39	rs12448488	 9.45e-02	 -7.31	 0.50000	138	 15	enet	0.14168	1.03e-16	-0.84911	3.96e-01
./fusion_twas/WEIGHTS/Blood_LDL/STX4_500kb.wgt.RDat	STX4	16	31044210	31054296	0.1505	rs1549293	 -4.27	rs7203999	 1.84e-01	  9.06	 0.59259	 93	  1	lasso	0.17960	3.96e-21	 0.59259	5.53e-01
./fusion_twas/WEIGHTS/Blood_LDL/MAPK3_500kb.wgt.RDat	MAPK3	16	30125426	30134827	0.0976	rs3087443	  2.42	rs11647753	 1.03e-01	  7.38	 1.07273	 73	 73	prs	0.15840	1.23e-18	 1.82572	6.79e-02
./fusion_twas/WEIGHTS/Blood_LDL/HSBP1_500kb.wgt.RDat	HSBP1	16	83841448	83853342	0.2033	rs9922459	  3.82	rs254347	 1.35e-01	 -7.96	-1.63158	447	  9	lasso	0.13322	9.43e-16	 1.29790	1.94e-01
./fusion_twas/WEIGHTS/Blood_LDL/FAM192A_500kb.wgt.RDat	FAM192A	16	57186378	57220028	0.1154	rs7205804	-10.84	rs12599485	-5.06e-04	 -4.09	-0.22727	244	244	prs	0.03782	2.06e-05	-0.32263	7.47e-01
./fusion_twas/WEIGHTS/Blood_LDL/MBTPS1_500kb.wgt.RDat	MBTPS1	16	84087368	84150511	0.2407	rs9922459	  3.82	rs2280024	 1.24e-01	 -7.42	-0.81081	530	 17	enet	0.14932	1.38e-17	 1.00327	3.16e-01
./fusion_twas/WEIGHTS/Blood_LDL/HAGH_500kb.wgt.RDat	HAGH	16	 1845621	 1877195	0.0488	rs2238464	  2.73	rs7187167	 4.65e-02	  0.00	-0.84483	135	135	prs	0.04756	1.94e-06	-0.72836	4.66e-01
./fusion_twas/WEIGHTS/Blood_LDL/CLN3_500kb.wgt.RDat	CLN3	16	28477983	28506896	0.0479	rs4787451	 -2.97	rs151228	 3.61e-02	 -4.41	-0.79070	 95	 95	prs	0.03577	3.39e-05	 0.77529	4.38e-01
./fusion_twas/WEIGHTS/Blood_LDL/MPHOSPH6_500kb.wgt.RDat	MPHOSPH6	16	82181403	82203831	0.4480	rs8058370	  3.26	rs7500611	 3.11e-01	  0.00	-0.35484	334	 16	enet	0.48604	1.58e-66	-0.89639	3.70e-01
./fusion_twas/WEIGHTS/Blood_LDL/MAP1LC3B_500kb.wgt.RDat	MAP1LC3B	16	87417601	87438385	0.1313	rs997761	 -2.87	rs1050863	 1.00e-01	 -7.20	-0.46296	270	 11	enet	0.11274	1.84e-13	 0.69355	4.88e-01
./fusion_twas/WEIGHTS/Blood_LDL/FLJ00104_500kb.wgt.RDat	FLJ00104	16	87731749	87739290	0.1380	rs997761	 -2.87	rs4417557	 1.06e-01	  7.03	-0.69333	190	 21	enet	0.12507	7.78e-15	 0.47691	6.33e-01
./fusion_twas/WEIGHTS/Blood_LDL/VKORC1_500kb.wgt.RDat	VKORC1	16	31102163	31107301	0.0622	rs1549293	 -4.27	rs7190997	 1.25e-02	 -3.85	 1.21622	 88	 15	enet	0.02650	3.23e-04	 0.03376	9.73e-01
./fusion_twas/WEIGHTS/Blood_LDL/HERPUD1_500kb.wgt.RDat	HERPUD1	16	56965960	56977798	0.1025	rs7205804	-10.84	rs1561140	 2.05e-03	  4.49	-0.84615	222	222	prs	0.05195	6.66e-07	 0.14962	8.81e-01
./fusion_twas/WEIGHTS/Blood_LDL/MC1R_500kb.wgt.RDat	MC1R	16	89978527	89987385	0.1634	rs3826200	 -2.99	rs2911253	 1.16e-01	  0.00	-0.61538	 97	  7	enet	0.18229	1.89e-21	-0.16647	8.68e-01
./fusion_twas/WEIGHTS/Blood_LDL/TK2_500kb.wgt.RDat	TK2	16	66541906	66586447	0.1210	rs12931030	  2.56	rs7190355	 1.15e-01	  0.00	 0.22535	169	  2	lasso	0.12341	1.19e-14	-0.40967	6.82e-01
./fusion_twas/WEIGHTS/Blood_LDL/PPL_500kb.wgt.RDat	PPL	16	 4932508	 5010742	0.1019	rs8064024	 -3.38	rs1049208	 7.79e-02	 -6.53	 1.62264	155	155	prs	0.08680	1.27e-10	-2.09144	3.65e-02
./fusion_twas/WEIGHTS/Blood_LDL/TUFM_500kb.wgt.RDat	TUFM	16	28853732	28857729	0.4088	rs3935714	  3.04	rs4788099	 4.46e-01	 14.00	-0.72973	 73	 21	enet	0.50701	1.46e-70	-0.31014	7.56e-01
./fusion_twas/WEIGHTS/Blood_LDL/SNRNP25_500kb.wgt.RDat	SNRNP25	16	  103010	  107669	0.1603	rs2857998	 -2.25	rs216590	 9.11e-02	  0.00	 0.35714	 65	  2	lasso	0.10424	1.59e-12	 1.33004	1.84e-01
./fusion_twas/WEIGHTS/Blood_LDL/MTHFSD_500kb.wgt.RDat	MTHFSD	16	86563782	86588841	0.1081	rs1728394	 -3.08	rs4843390	-2.13e-03	 -3.88	 1.23684	511	511	prs	0.02448	5.28e-04	-1.17262	2.41e-01
./fusion_twas/WEIGHTS/Blood_LDL/APOBR_500kb.wgt.RDat	APOBR	16	28505970	28510291	0.0485	rs4787451	 -2.97	rs151229	 3.26e-02	 -3.98	 0.27586	 87	  3	lasso	0.03266	7.20e-05	-0.28432	7.76e-01
./fusion_twas/WEIGHTS/Blood_LDL/TXNDC11_500kb.wgt.RDat	TXNDC11	16	11772936	11836734	0.0718	rs1345442	  3.84	rs2040	 9.67e-03	  0.00	-2.10465	215	  3	lasso	0.02543	4.18e-04	 1.73424	8.29e-02
./fusion_twas/WEIGHTS/Blood_LDL/ZFP1_500kb.wgt.RDat	ZFP1	16	75182390	75206134	0.3547	rs5010692	  3.16	rs9923145	 2.28e-01	  0.00	-0.79245	142	 20	enet	0.28846	5.51e-35	 1.43024	1.53e-01
./fusion_twas/WEIGHTS/Blood_LDL/OGFOD1_500kb.wgt.RDat	OGFOD1	16	56485402	56513012	0.1175	rs7205804	-10.84	rs14306	 5.24e-02	  5.33	 2.52830	167	 15	enet	0.06455	3.08e-08	 3.34948	8.10e-04
./fusion_twas/WEIGHTS/Blood_LDL/PHLPP2_500kb.wgt.RDat	PHLPP2	16	71671738	71758604	0.1408	rs217181	-11.14	rs11075904	 1.63e-01	  8.52	-2.72222	146	  3	lasso	0.16932	6.51e-20	-3.75090	1.76e-04
./fusion_twas/WEIGHTS/Blood_LDL/PIEZO1_500kb.wgt.RDat	PIEZO1	16	88781751	88851619	0.0845	rs12447718	  4.16	rs889764	 3.76e-02	 -4.42	 1.48438	138	  5	lasso	0.04486	3.73e-06	-2.26210	2.37e-02
./fusion_twas/WEIGHTS/Blood_LDL/ADAT1_500kb.wgt.RDat	ADAT1	16	75630879	75657198	0.2192	rs5010692	  3.16	rs2641801	 2.84e-01	 11.30	 1.72414	133	  6	lasso	0.28324	2.82e-34	 1.84627	6.49e-02
./fusion_twas/WEIGHTS/Blood_LDL/NECAB2_500kb.wgt.RDat	NECAB2	16	84002237	84036381	0.1589	rs9922459	  3.82	rs12922569	 8.56e-02	  0.00	 0.03636	495	  3	lasso	0.12686	4.90e-15	 0.39689	6.91e-01
./fusion_twas/WEIGHTS/Blood_LDL/FLYWCH2_500kb.wgt.RDat	FLYWCH2	16	 2933187	 2949383	0.1228	rs4332747	  2.67	rs9934223	 3.52e-02	  5.24	 1.59649	107	  4	lasso	0.03712	2.44e-05	 1.55529	1.20e-01
./fusion_twas/WEIGHTS/Blood_LDL/TRAP1_500kb.wgt.RDat	TRAP1	16	 3701640	 3767598	0.4047	rs7193552	  2.49	rs2741907	 4.02e-01	  0.00	-0.23333	159	  4	lasso	0.40622	1.53e-52	 0.68517	4.93e-01
./fusion_twas/WEIGHTS/Blood_LDL/LPCAT2_500kb.wgt.RDat	LPCAT2	16	55542910	55620582	0.0718	rs11860394	  2.80	rs8059138	 2.21e-03	 -4.05	 0.16667	265	  4	lasso	0.02015	1.53e-03	-0.99563	3.19e-01
./fusion_twas/WEIGHTS/Blood_LDL/ZNF263_500kb.wgt.RDat	ZNF263	16	 3313743	 3351401	0.0610	rs17183750	 -2.39	rs220380	 4.29e-02	  4.92	 0.25424	141	  3	lasso	0.05726	1.83e-07	-0.36713	7.14e-01
./fusion_twas/WEIGHTS/Blood_LDL/MEFV_500kb.wgt.RDat	MEFV	16	 3292028	 3306627	0.1578	rs17183750	 -2.39	rs2107321	 1.10e-01	  0.00	-0.10294	138	138	prs	0.13148	1.48e-15	-0.97047	3.32e-01
./fusion_twas/WEIGHTS/Blood_LDL/GDPD3_500kb.wgt.RDat	GDPD3	16	30116131	30125177	0.0763	rs3087443	  2.42	rs2071390	 6.89e-02	  5.89	 1.52273	 73	  6	lasso	0.05628	2.32e-07	 1.58715	1.12e-01
./fusion_twas/WEIGHTS/Blood_LDL/RP11-296I10.6_500kb.wgt.RDat	RP11-296I10.6	16	70253477	70279519	0.1414	rs11640251	  1.62	rs4985407	 1.09e-01	  7.01	-1.26923	 63	  4	lasso	0.10162	3.09e-12	-1.26429	2.06e-01
./fusion_twas/WEIGHTS/Blood_LDL/TCF25_500kb.wgt.RDat	TCF25	16	89940000	89977792	0.2059	rs3826200	 -2.99	rs8058895	 1.22e-02	  4.88	-1.29412	101	 21	enet	0.08118	5.12e-10	-0.40791	6.83e-01
./fusion_twas/WEIGHTS/Blood_LDL/HSDL1_500kb.wgt.RDat	HSDL1	16	84155886	84178797	0.2273	rs9922459	  3.82	rs9932838	 8.79e-02	  7.16	 0.85714	506	 17	enet	0.12540	7.15e-15	 1.47010	1.42e-01
./fusion_twas/WEIGHTS/Blood_LDL/CCDC101_500kb.wgt.RDat	CCDC101	16	28565236	28603111	0.0813	rs3935714	  3.04	rs40837	 2.89e-02	 -5.49	-0.21569	 78	 78	prs	0.04764	1.90e-06	 0.73172	4.64e-01
./fusion_twas/WEIGHTS/Blood_LDL/ERVK13-1_500kb.wgt.RDat	ERVK13-1	16	 2710350	 2723445	0.1103	rs2238464	  2.73	rs11642783	 6.08e-02	 -5.29	-0.71795	 93	  3	lasso	0.06188	5.92e-08	 0.71150	4.77e-01
./fusion_twas/WEIGHTS/Blood_LDL/SNTB2_500kb.wgt.RDat	SNTB2	16	69221032	69342955	0.0943	rs10445010	 -2.57	rs8062856	 3.33e-02	 -5.08	-0.02703	111	  5	lasso	0.04265	6.37e-06	 0.46302	6.43e-01
./fusion_twas/WEIGHTS/Blood_LDL/BRICD5_500kb.wgt.RDat	BRICD5	16	 2259254	 2261951	0.0820	rs2238464	  2.73	rs26849	 8.85e-02	  6.32	-1.67273	 94	  2	lasso	0.08837	8.56e-11	-1.77473	7.59e-02
./fusion_twas/WEIGHTS/Blood_LDL/NDE1_500kb.wgt.RDat	NDE1	16	15737124	15820210	0.0520	rs152023	  3.18	rs4781680	 3.37e-02	 -5.00	-0.38182	224	  6	enet	0.02208	9.51e-04	-0.09856	9.21e-01
./fusion_twas/WEIGHTS/Blood_LDL/TRAPPC2L_500kb.wgt.RDat	TRAPPC2L	16	88922628	88929094	0.0602	rs12447718	  4.16	rs3826061	 5.29e-02	 -5.02	 1.20000	137	  2	lasso	0.03617	3.07e-05	-1.20165	2.29e-01
./fusion_twas/WEIGHTS/Blood_LDL/ZDHHC7_500kb.wgt.RDat	ZDHHC7	16	85007787	85045141	0.1998	rs3803630	 -2.99	rs7192417	 7.54e-02	  5.95	-1.23810	339	339	prs	0.07840	1.02e-09	 1.18339	2.37e-01
./fusion_twas/WEIGHTS/Blood_LDL/TMEM204_500kb.wgt.RDat	TMEM204	16	 1578689	 1605581	0.2942	rs2235646	 -2.39	rs1016499	 3.57e-01	 12.50	-0.36585	135	  4	lasso	0.35469	1.81e-44	-0.61804	5.37e-01
./fusion_twas/WEIGHTS/Blood_LDL/RP11-120K18.3_500kb.wgt.RDat	RP11-120K18.3	16	31372599	31373016	0.0947	rs1549293	 -4.27	rs4075052	 8.31e-02	 -6.35	-1.50909	 88	  6	lasso	0.08139	4.86e-10	 1.33860	1.81e-01
./fusion_twas/WEIGHTS/Blood_LDL/ZCCHC14_500kb.wgt.RDat	ZCCHC14	16	87439852	87525651	0.0584	rs997761	 -2.87	rs11644573	 2.67e-02	  4.19	 1.30769	275	 11	enet	0.03496	4.12e-05	 0.77202	4.40e-01
./fusion_twas/WEIGHTS/Blood_LDL/RRN3P1_500kb.wgt.RDat	RRN3P1	16	21807951	21831731	0.2408	rs8054407	 -3.19	rs4783414	 1.20e-01	  7.33	-1.69565	 54	  8	lasso	0.13004	2.15e-15	-1.32365	1.86e-01
./fusion_twas/WEIGHTS/Blood_LDL/AC002550.5_500kb.wgt.RDat	AC002550.5	16	19717673	19726705	0.1725	rs227760	 -3.00	rs3829539	 2.15e-01	  9.89	-2.18000	167	  4	lasso	0.20936	9.88e-25	-2.33484	1.96e-02
./fusion_twas/WEIGHTS/Blood_LDL/DCTN5_500kb.wgt.RDat	DCTN5	16	23652713	23681195	0.5416	rs9939028	  2.77	rs34514	 6.09e-01	 16.34	-1.95238	145	  4	lasso	0.61918	1.49e-95	-1.92283	5.45e-02
./fusion_twas/WEIGHTS/Blood_LDL/NOMO1_500kb.wgt.RDat	NOMO1	16	14927538	14990017	0.0630	rs3198697	  2.59	rs9927842	 3.55e-02	  4.19	 0.36709	 33	  2	lasso	0.03215	8.14e-05	 0.06055	9.52e-01
./fusion_twas/WEIGHTS/Blood_LDL/TELO2_500kb.wgt.RDat	TELO2	16	 1543345	 1560458	0.0662	rs2235646	 -2.39	rs2294604	 3.22e-02	 -5.22	-1.15254	138	138	prs	0.03189	8.68e-05	 0.78859	4.30e-01
./fusion_twas/WEIGHTS/Blood_LDL/SF3B3_500kb.wgt.RDat	SF3B3	16	70557691	70608820	0.0557	rs2271047	 -2.35	rs722579	 2.22e-02	  4.53	-0.24528	 48	 48	blup	0.02983	1.43e-04	 0.00428	9.97e-01
./fusion_twas/WEIGHTS/Blood_LDL/COG4_500kb.wgt.RDat	COG4	16	70514471	70557468	0.0762	rs2271047	 -2.35	rs7192865	 7.38e-02	 -5.85	 0.42593	 47	  7	enet	0.07388	3.11e-09	-0.84292	3.99e-01
./fusion_twas/WEIGHTS/Blood_LDL/RNF166_500kb.wgt.RDat	RNF166	16	88762903	88772829	0.4311	rs12447718	  4.16	rs11648894	 2.00e-01	  9.41	 0.50847	122	 16	enet	0.34792	1.86e-43	 0.00813	9.94e-01
./fusion_twas/WEIGHTS/Blood_LDL/VPS9D1-AS1_500kb.wgt.RDat	VPS9D1-AS1	16	89778264	89784573	0.2965	rs3826200	 -2.99	rs8058895	 1.15e-01	  7.61	-1.29412	126	 11	enet	0.21149	5.40e-25	-0.98727	3.24e-01
./fusion_twas/WEIGHTS/Blood_LDL/LONP2_500kb.wgt.RDat	LONP2	16	48278207	48397033	0.3689	rs7202175	 -1.91	rs8053839	 3.34e-01	-12.11	 0.50000	 94	 19	enet	0.34262	1.13e-42	-0.34695	7.29e-01
./fusion_twas/WEIGHTS/Blood_LDL/ADCY7_500kb.wgt.RDat	ADCY7	16	50280048	50352046	0.2919	rs12597023	 -2.83	rs11644043	 1.70e-01	  8.72	 0.68116	137	 20	enet	0.18587	7.07e-22	 0.64946	5.16e-01
./fusion_twas/WEIGHTS/Blood_LDL/CRAMP1L_500kb.wgt.RDat	CRAMP1L	16	 1662326	 1727909	0.0514	rs2235646	 -2.39	rs12926146	 4.75e-02	  5.03	 0.23762	124	  8	enet	0.03833	1.82e-05	-0.10358	9.18e-01
./fusion_twas/WEIGHTS/Blood_LDL/PMM2_500kb.wgt.RDat	PMM2	16	 8882680	 8943188	0.1788	rs1864	  2.19	rs4985053	 9.15e-02	  6.46	 0.66667	251	  6	lasso	0.11549	9.13e-14	 0.15933	8.73e-01
./fusion_twas/WEIGHTS/Blood_LDL/GOT2_500kb.wgt.RDat	GOT2	16	58741035	58768261	0.0729	rs9929429	  2.26	rs8057892	 2.89e-02	  5.26	 1.55769	168	168	prs	0.05754	1.71e-07	 1.51067	1.31e-01
./fusion_twas/WEIGHTS/Blood_LDL/AC009133.12_500kb.wgt.RDat	AC009133.12	16	29829301	29832573	0.0597	rs257868	  2.19	rs1057451	 2.44e-02	  3.66	 0.97368	 45	  3	lasso	0.02953	1.54e-04	 0.85496	3.93e-01
./fusion_twas/WEIGHTS/Blood_LDL/KIAA0513_500kb.wgt.RDat	KIAA0513	16	85061375	85127836	0.2197	rs3803630	 -2.99	rs7206590	 1.18e-01	  7.99	 0.81034	317	  6	lasso	0.18365	1.30e-21	 1.64490	1.00e-01
./fusion_twas/WEIGHTS/Blood_LDL/LINC00920_500kb.wgt.RDat	LINC00920	16	66442427	66446038	0.5074	rs12931030	  2.56	rs2289150	 5.16e-01	 15.03	 0.28070	182	  6	lasso	0.51902	5.96e-73	 0.35695	7.21e-01
./fusion_twas/WEIGHTS/Blood_LDL/RP11-473M20.14_500kb.wgt.RDat	RP11-473M20.14	16	 3166043	 3184883	0.1157	rs4786421	  1.98	rs8048848	 8.19e-02	  6.24	 0.07547	130	130	prs	0.08879	7.71e-11	-0.62861	5.30e-01
./fusion_twas/WEIGHTS/Blood_LDL/ABCC6_500kb.wgt.RDat	ABCC6	16	16242785	16317379	0.0908	rs152023	  3.18	rs4780600	 5.95e-02	 -5.35	-0.16438	204	  5	lasso	0.05368	4.37e-07	 0.16621	8.68e-01
./fusion_twas/WEIGHTS/Blood_LDL/ABCC1_500kb.wgt.RDat	ABCC1	16	16043434	16236931	0.1129	rs152023	  3.18	rs35597	 3.13e-02	 -5.05	 0.73077	218	  4	lasso	0.08086	5.53e-10	-1.23516	2.17e-01
./fusion_twas/WEIGHTS/Blood_LDL/USP10_500kb.wgt.RDat	USP10	16	84733584	84813528	0.0948	rs3803630	 -2.99	rs6564068	 3.53e-02	 -4.12	-0.15789	447	  3	lasso	0.02064	1.35e-03	 0.04650	9.63e-01
./fusion_twas/WEIGHTS/Blood_LDL/SLC7A5_500kb.wgt.RDat	SLC7A5	16	87863629	87903094	0.0678	rs997761	 -2.87	rs1062746	-2.15e-04	  0.00	 1.79630	167	167	prs	0.02410	5.79e-04	 1.83154	6.70e-02
./fusion_twas/WEIGHTS/Blood_LDL/ZFP90_500kb.wgt.RDat	ZFP90	16	68563993	68609975	0.5763	rs9937080	  2.31	rs3203684	 4.13e-01	-13.48	 0.29032	 95	  9	lasso	0.43800	7.15e-58	-0.03632	9.71e-01
./fusion_twas/WEIGHTS/Blood_LDL/ZNF200_500kb.wgt.RDat	ZNF200	16	 3272325	 3286221	0.1504	rs17183750	 -2.39	rs71998	 1.33e-01	  8.11	-1.36000	138	 15	enet	0.14116	1.18e-16	 0.64141	5.21e-01
./fusion_twas/WEIGHTS/Blood_LDL/PDXDC1_500kb.wgt.RDat	PDXDC1	16	15068448	15233196	0.1660	rs3198697	  2.59	rs3751877	 2.32e-02	 -5.29	 0.44828	 36	 17	enet	0.11968	3.12e-14	 1.00976	3.13e-01
./fusion_twas/WEIGHTS/Blood_LDL/BBS2_500kb.wgt.RDat	BBS2	16	56500748	56554195	0.4494	rs7205804	-10.84	rs8060037	 3.90e-01	-13.35	-0.37705	181	 23	enet	0.50700	1.46e-70	 2.47944	1.32e-02
./fusion_twas/WEIGHTS/Blood_LDL/RP11-161M6.2_500kb.wgt.RDat	RP11-161M6.2	16	 1025761	 1031596	0.0632	rs4984672	 -2.59	rs3751666	 2.71e-02	 -4.63	-0.77778	113	113	prs	0.04617	2.72e-06	-0.00522	9.96e-01
./fusion_twas/WEIGHTS/Blood_LDL/ZNF23_500kb.wgt.RDat	ZNF23	16	71481500	71496998	0.1667	rs8044335	  8.27	rs16973112	 7.63e-02	  6.96	-1.63014	 97	 97	prs	0.14484	4.49e-17	-4.67709	2.91e-06
./fusion_twas/WEIGHTS/Blood_LDL/GGA2_500kb.wgt.RDat	GGA2	16	23474863	23533316	0.0450	rs5728	  2.64	rs74990	 2.31e-02	  0.00	-0.96552	149	  3	lasso	0.03394	5.28e-05	 0.10592	9.16e-01
./fusion_twas/WEIGHTS/Blood_LDL/ATP6V0D1_500kb.wgt.RDat	ATP6V0D1	16	67471917	67515140	0.0879	rs9033	 -2.16	rs16957304	 1.10e-01	 -7.05	 0.17323	 81	  4	lasso	0.10860	5.28e-13	-0.17330	8.62e-01
./fusion_twas/WEIGHTS/Blood_LDL/HN1L_500kb.wgt.RDat	HN1L	16	 1728257	 1752281	0.0319	rs2235646	 -2.39	rs7200137	 2.39e-02	 -3.67	-0.81481	123	123	prs	0.02155	1.08e-03	 1.41813	1.56e-01
./fusion_twas/WEIGHTS/Blood_LDL/GDE1_500kb.wgt.RDat	GDE1	16	19513015	19533467	0.1107	rs227760	 -3.00	rs11646941	 2.29e-02	  4.85	 0.95946	172	172	prs	0.07509	2.31e-09	 1.47760	1.40e-01
./fusion_twas/WEIGHTS/Blood_LDL/CENPBD1_500kb.wgt.RDat	CENPBD1	16	90036206	90038942	0.2794	rs3826200	 -2.99	rs16966253	 8.21e-02	 -6.28	-0.80176	 91	 20	enet	0.15051	1.00e-17	-0.23482	8.14e-01
./fusion_twas/WEIGHTS/Blood_LDL/RP11-46C24.7_500kb.wgt.RDat	RP11-46C24.7	16	89281638	89284061	0.0834	rs2608604	 -2.98	rs10400958	 7.38e-02	 -5.83	 1.05042	132	  2	lasso	0.06626	2.02e-08	-0.31879	7.50e-01
