FILE	ID	CHR	P0	P1	HSQ	BEST.GWAS.ID	BEST.GWAS.Z	EQTL.ID	EQTL.R2	EQTL.Z	EQTL.GWAS.Z	NSNP	NWGT	MODEL	MODELCV.R2	MODELCV.PV	TWAS.Z	TWAS.P
./fusion_twas/WEIGHTS/Blood_LDL/RAP1GAP2_500kb.wgt.RDat	RAP1GAP2	17	 2680350	 2941033	0.0641	rs2429909	 2.89	rs4790417	 4.11e-03	  3.55	-0.4643	244	244	prs	0.01759	 2.87e-03	-1.34649	1.78e-01
./fusion_twas/WEIGHTS/Blood_LDL/NF1_500kb.wgt.RDat	NF1	17	29421945	29709134	0.0755	rs2953013	-4.45	rs9904033	 1.19e-01	  0.00	-1.6154	148	  1	lasso	0.11993	 2.93e-14	-2.26415	2.36e-02
./fusion_twas/WEIGHTS/Blood_LDL/TIMP2_500kb.wgt.RDat	TIMP2	17	76849059	76921469	0.0930	rs4969178	-2.97	rs7216022	 2.06e-02	 -4.31	 1.6491	313	  3	lasso	0.02559	 4.02e-04	-1.75346	7.95e-02
./fusion_twas/WEIGHTS/Blood_LDL/EIF4A3_500kb.wgt.RDat	EIF4A3	17	78109013	78120982	0.1302	rs8068433	-3.02	rs7211079	 3.17e-02	 -4.71	-1.3833	167	 20	enet	0.09824	 7.24e-12	 0.96223	3.36e-01
./fusion_twas/WEIGHTS/Blood_LDL/RAB34_500kb.wgt.RDat	RAB34	17	27041299	27045447	0.0776	rs9895443	-4.75	rs7224640	 3.70e-03	 -3.91	-3.5385	111	 13	enet	0.04026	 1.14e-05	 2.90106	3.72e-03
./fusion_twas/WEIGHTS/Blood_LDL/FAM211A-AS1_500kb.wgt.RDat	FAM211A-AS1	17	16342136	16381992	0.1108	rs11657647	 2.40	rs597985	 7.03e-03	  3.92	 0.3167	 95	 95	blup	0.02345	 6.78e-04	 0.39176	6.95e-01
./fusion_twas/WEIGHTS/Blood_LDL/ATAD5_500kb.wgt.RDat	ATAD5	17	29158988	29222887	0.0294	rs2953013	-4.45	rs1808255	 3.35e-02	  4.34	 0.5000	 70	 70	prs	0.02412	 5.77e-04	-2.21870	2.65e-02
./fusion_twas/WEIGHTS/Blood_LDL/TBCD_500kb.wgt.RDat	TBCD	17	80709940	80900724	0.2837	rs7405957	-4.29	rs3744165	 1.76e-01	  8.92	-2.6038	126	 31	enet	0.25571	 1.30e-30	-1.72678	8.42e-02
./fusion_twas/WEIGHTS/Blood_LDL/ST6GALNAC1_500kb.wgt.RDat	ST6GALNAC1	17	74620843	74639920	0.3016	rs8067774	 2.66	rs2665969	 2.43e-01	  0.00	 0.2206	217	 31	enet	0.33620	 9.96e-42	-0.43376	6.64e-01
./fusion_twas/WEIGHTS/Blood_LDL/MXRA7_500kb.wgt.RDat	MXRA7	17	74668633	74707098	0.3845	rs8067774	 2.66	rs1005645	 3.52e-01	 12.50	 0.6339	216	  2	lasso	0.35294	 3.30e-44	 0.62921	5.29e-01
./fusion_twas/WEIGHTS/Blood_LDL/BZRAP1-AS1_500kb.wgt.RDat	BZRAP1-AS1	17	56402811	56493127	0.0763	rs917606	-2.59	rs2680688	 5.42e-02	 -5.83	 0.9643	142	 11	enet	0.09787	 7.94e-12	-0.84134	4.00e-01
./fusion_twas/WEIGHTS/Blood_LDL/TANC2_500kb.wgt.RDat	TANC2	17	61086917	61505060	0.2022	rs3760257	 3.70	rs2460111	 2.01e-01	  9.74	 0.3774	123	  4	lasso	0.20561	 2.86e-24	 0.34545	7.30e-01
./fusion_twas/WEIGHTS/Blood_LDL/COPZ2_500kb.wgt.RDat	COPZ2	17	46103533	46115392	0.0439	rs8065669	 6.54	rs4794678	 2.65e-03	  3.77	-1.4815	115	115	prs	0.01849	 2.30e-03	-2.87987	3.98e-03
./fusion_twas/WEIGHTS/Blood_LDL/VMP1_500kb.wgt.RDat	VMP1	17	57784553	57919616	0.0416	rs7221815	-3.31	rs1292061	 4.53e-02	  4.99	-1.3774	101	101	prs	0.04995	 1.08e-06	-2.21843	2.65e-02
./fusion_twas/WEIGHTS/Blood_LDL/ZNF286A_500kb.wgt.RDat	ZNF286A	17	15603006	15648092	0.1371	rs11657647	 2.40	rs17776733	 5.37e-02	  5.33	 1.5714	121	 13	enet	0.02000	 1.58e-03	 1.42976	1.53e-01
./fusion_twas/WEIGHTS/Blood_LDL/NLK_500kb.wgt.RDat	NLK	17	26368763	26523407	0.0684	rs11653617	-3.69	rs3794764	 3.34e-03	 -3.91	-1.3968	131	131	prs	0.01374	 7.51e-03	-1.52552	1.27e-01
./fusion_twas/WEIGHTS/Blood_LDL/NLE1_500kb.wgt.RDat	NLE1	17	33455772	33469334	0.1093	rs1860278	-3.08	rs11868175	 6.29e-02	  5.51	-1.0814	164	  4	lasso	0.04872	 1.46e-06	-1.35766	1.75e-01
./fusion_twas/WEIGHTS/Blood_LDL/MYO15B_500kb.wgt.RDat	MYO15B	17	73584139	73622929	0.4203	rs1106343	-3.31	rs4788901	 2.52e-01	 10.62	 0.1712	110	 28	enet	0.32944	 9.56e-41	-1.14806	2.51e-01
./fusion_twas/WEIGHTS/Blood_LDL/SGSH_500kb.wgt.RDat	SGSH	17	78180515	78194722	0.1066	rs8068433	-3.02	rs3813063	 1.06e-01	  6.90	 0.2037	179	  7	enet	0.10196	 2.83e-12	 0.25145	8.01e-01
./fusion_twas/WEIGHTS/Blood_LDL/P2RX1_500kb.wgt.RDat	P2RX1	17	 3799886	 3819794	0.4436	rs781825	 3.20	rs226357	 3.62e-01	  0.00	-1.1698	182	  4	lasso	0.42881	 2.67e-56	 1.34731	1.78e-01
./fusion_twas/WEIGHTS/Blood_LDL/LRRC48_500kb.wgt.RDat	LRRC48	17	17876127	17920203	0.0670	rs9909104	 2.65	rs2925142	 2.54e-03	  3.23	 0.0000	110	 10	enet	0.01313	 8.74e-03	-0.68179	4.95e-01
./fusion_twas/WEIGHTS/Blood_LDL/LRRC37A16P_500kb.wgt.RDat	LRRC37A16P	17	66121918	66148609	0.0724	rs16972881	 3.79	rs6504555	 5.77e-02	 -5.27	 1.9688	132	132	prs	0.04955	 1.19e-06	-2.47528	1.33e-02
./fusion_twas/WEIGHTS/Blood_LDL/SLFN12_500kb.wgt.RDat	SLFN12	17	33738079	33760302	0.1301	rs17638867	-2.62	rs1994083	 1.04e-01	  0.00	 0.9420	125	  1	lasso	0.10057	 4.03e-12	-2.38849	1.69e-02
./fusion_twas/WEIGHTS/Blood_LDL/UBALD2_500kb.wgt.RDat	UBALD2	17	74261283	74267375	0.0662	rs1106343	-3.31	rs71815	 4.04e-02	 -4.45	-0.2642	137	  3	lasso	0.02436	 5.43e-04	 0.29516	7.68e-01
./fusion_twas/WEIGHTS/Blood_LDL/EIF5A_500kb.wgt.RDat	EIF5A	17	 7210318	 7215774	0.2558	rs11650232	 5.67	rs11650232	 1.64e-02	  5.04	 5.6667	156	 23	enet	0.09967	 5.04e-12	 1.96295	4.97e-02
./fusion_twas/WEIGHTS/Blood_LDL/HOXB2_500kb.wgt.RDat	HOXB2	17	46618256	46623441	0.4362	rs12948653	-4.36	rs4793870	 4.59e-01	-14.29	-1.3519	134	 22	enet	0.52428	 5.12e-74	 1.68308	9.24e-02
./fusion_twas/WEIGHTS/Blood_LDL/TVP23B_500kb.wgt.RDat	TVP23B	17	18684308	18710027	0.2195	rs9909104	 2.65	rs4924927	 1.70e-01	  8.79	-1.3333	 55	  5	lasso	0.22796	 4.75e-27	-0.40395	6.86e-01
./fusion_twas/WEIGHTS/Blood_LDL/DUSP14_500kb.wgt.RDat	DUSP14	17	35849937	35873603	0.1504	rs2680398	 2.71	rs2522966	 2.09e-01	  9.68	 0.4259	119	  1	lasso	0.20721	 1.82e-24	 0.42593	6.70e-01
./fusion_twas/WEIGHTS/Blood_LDL/SPAG7_500kb.wgt.RDat	SPAG7	17	 4862521	 4871167	0.2324	rs377623	-2.98	rs1056626	 2.01e-01	  9.58	-2.2680	185	  6	lasso	0.20343	 5.28e-24	-2.51966	1.17e-02
./fusion_twas/WEIGHTS/Blood_LDL/NUP88_500kb.wgt.RDat	NUP88	17	 5264258	 5323480	0.0596	rs4985682	-3.00	rs2641256	 7.25e-03	 -3.73	 0.8793	212	212	prs	0.02252	 8.54e-04	 0.42837	6.68e-01
./fusion_twas/WEIGHTS/Blood_LDL/KIAA0753_500kb.wgt.RDat	KIAA0753	17	 6481468	 6544247	0.1175	rs9905473	-3.20	rs7210943	 1.29e-01	  0.00	 0.2542	269	  1	lasso	0.13270	 1.08e-15	 0.81481	4.15e-01
./fusion_twas/WEIGHTS/Blood_LDL/SPATA20_500kb.wgt.RDat	SPATA20	17	48620419	48633213	0.7202	rs16970096	-2.69	rs1122634	 3.29e-01	 12.03	 0.8000	182	  6	lasso	0.67198	5.42e-110	-0.27784	7.81e-01
./fusion_twas/WEIGHTS/Blood_LDL/CD300A_500kb.wgt.RDat	CD300A	17	72462555	72480933	0.1124	rs3809714	 2.85	rs2670826	 6.52e-02	 -5.84	-0.8704	205	 19	enet	0.08211	 4.06e-10	 3.33586	8.50e-04
./fusion_twas/WEIGHTS/Blood_LDL/SLC39A11_500kb.wgt.RDat	SLC39A11	17	70642088	71088851	0.1071	rs17781029	 2.84	rs4793400	 2.54e-02	  0.00	 0.6709	406	  9	enet	0.03862	 1.70e-05	-2.19357	2.83e-02
./fusion_twas/WEIGHTS/Blood_LDL/RP1-178F10.3_500kb.wgt.RDat	RP1-178F10.3	17	18227536	18229211	0.0332	rs9909104	 2.65	rs7207123	 2.88e-02	  4.10	 1.0364	 81	 81	prs	0.02265	 8.25e-04	 1.44093	1.50e-01
./fusion_twas/WEIGHTS/Blood_LDL/SLFN12L_500kb.wgt.RDat	SLFN12L	17	33791268	33864880	0.0524	rs17638867	-2.62	rs11867191	 1.16e-02	  4.32	 0.3585	143	143	prs	0.01681	 3.49e-03	-0.01051	9.92e-01
./fusion_twas/WEIGHTS/Blood_LDL/DPH1_500kb.wgt.RDat	DPH1	17	 1933404	 1946724	0.0641	rs16948748	-3.73	rs216175	 8.60e-03	 -4.01	 2.7101	178	178	prs	0.03445	 4.67e-05	-2.70897	6.75e-03
./fusion_twas/WEIGHTS/Blood_LDL/RAD51C_500kb.wgt.RDat	RAD51C	17	56769934	56811703	0.2303	rs12944693	 2.28	rs17222691	 3.79e-01	 12.94	 1.3906	 95	  8	lasso	0.37476	 1.56e-47	 1.37056	1.71e-01
./fusion_twas/WEIGHTS/Blood_LDL/LGALS9_500kb.wgt.RDat	LGALS9	17	25956824	25976586	0.3119	rs11653617	-3.69	rs1075952	 2.91e-01	-11.47	 1.1875	115	  6	lasso	0.29785	 2.82e-36	-1.13076	2.58e-01
./fusion_twas/WEIGHTS/Blood_LDL/FASN_500kb.wgt.RDat	FASN	17	80036214	80056208	0.0524	rs11653735	 2.49	rs7226049	 6.31e-02	  5.41	 1.1509	 67	  2	lasso	0.05936	 1.10e-07	 1.14601	2.52e-01
./fusion_twas/WEIGHTS/Blood_LDL/RNFT1_500kb.wgt.RDat	RNFT1	17	58029601	58042122	0.1653	rs7221815	-3.31	rs1292043	 1.26e-01	 -7.53	 1.3692	 81	 15	lasso	0.13682	 3.68e-16	-1.01149	3.12e-01
./fusion_twas/WEIGHTS/Blood_LDL/ACAP1_500kb.wgt.RDat	ACAP1	17	 7239848	 7254797	0.1354	rs11650232	 5.67	rs11650232	 1.71e-02	  4.04	 5.6667	164	  7	lasso	0.01831	 2.40e-03	 5.48006	4.25e-08
./fusion_twas/WEIGHTS/Blood_LDL/DHX40_500kb.wgt.RDat	DHX40	17	57642886	57685706	0.0277	rs7221815	-3.31	rs7209369	 5.89e-03	  3.66	-2.5806	 95	 95	prs	0.01900	 2.03e-03	-3.12806	1.76e-03
./fusion_twas/WEIGHTS/Blood_LDL/RSAD1_500kb.wgt.RDat	RSAD1	17	48556161	48563336	0.0602	rs16970096	-2.69	rs9912065	 3.86e-02	  4.90	 0.1111	191	  3	lasso	0.02193	 9.86e-04	 0.27954	7.80e-01
./fusion_twas/WEIGHTS/Blood_LDL/CDK5RAP3_500kb.wgt.RDat	CDK5RAP3	17	46045176	46059140	0.1631	rs8065669	 6.54	rs757353	 4.41e-02	 -5.60	 0.2857	101	  8	lasso	0.09592	 1.30e-11	 0.03731	9.70e-01
./fusion_twas/WEIGHTS/Blood_LDL/MED24_500kb.wgt.RDat	MED24	17	38175350	38217468	0.0762	rs2245333	-2.62	rs7502514	 8.94e-02	 -6.43	-1.6842	 99	  3	lasso	0.07292	 3.94e-09	 1.56292	1.18e-01
./fusion_twas/WEIGHTS/Blood_LDL/KSR1_500kb.wgt.RDat	KSR1	17	25783670	25953461	0.2234	rs11653617	-3.69	rs3932342	 1.61e-01	  0.00	-0.4821	122	  3	lasso	0.20152	 9.04e-24	 0.59795	5.50e-01
./fusion_twas/WEIGHTS/Blood_LDL/RP11-1094M14.8_500kb.wgt.RDat	RP11-1094M14.8	17	33825237	33826194	0.1148	rs17638867	-2.62	rs8068906	 2.76e-02	  4.38	 1.2830	131	 26	enet	0.06725	 1.59e-08	 0.60191	5.47e-01
./fusion_twas/WEIGHTS/Blood_LDL/ABCA5_500kb.wgt.RDat	ABCA5	17	67240452	67323385	0.1241	rs2886232	 7.05	rs997639	 1.11e-01	  7.11	 1.4400	170	  3	lasso	0.10068	 3.92e-12	 1.38812	1.65e-01
./fusion_twas/WEIGHTS/Blood_LDL/GEMIN4_500kb.wgt.RDat	GEMIN4	17	  647654	  657239	0.0789	rs8068241	-2.40	rs2291778	 1.65e-02	 -4.15	 0.8875	179	 15	enet	0.05957	 1.04e-07	-0.97127	3.31e-01
./fusion_twas/WEIGHTS/Blood_LDL/AMZ2_500kb.wgt.RDat	AMZ2	17	66243715	66253297	0.1040	rs16972881	 3.79	rs7208513	-2.14e-03	  3.85	-0.0882	147	147	prs	0.03897	 1.56e-05	-0.97084	3.32e-01
./fusion_twas/WEIGHTS/Blood_LDL/GOSR1_500kb.wgt.RDat	GOSR1	17	28804380	28854610	0.0406	rs4794873	-3.20	rs11080138	 1.14e-02	  3.72	-2.6667	 85	 85	prs	0.02583	 3.79e-04	-2.74770	6.00e-03
./fusion_twas/WEIGHTS/Blood_LDL/TMEM199_500kb.wgt.RDat	TMEM199	17	26684604	26708716	0.0413	rs9895443	-4.75	rs708100	 1.47e-02	  4.16	 2.4808	 97	 97	prs	0.02200	 9.68e-04	 3.38572	7.10e-04
./fusion_twas/WEIGHTS/Blood_LDL/SCIMP_500kb.wgt.RDat	SCIMP	17	 5112256	 5138155	0.0622	rs377623	-2.98	rs7225151	 2.98e-02	  4.71	-0.3250	191	  3	lasso	0.02418	 5.68e-04	-0.62188	5.34e-01
./fusion_twas/WEIGHTS/Blood_LDL/TRIM47_500kb.wgt.RDat	TRIM47	17	73870242	73874656	0.0730	rs1106343	-3.31	rs8074216	 2.74e-03	 -3.26	-0.7639	122	 17	enet	0.00475	 7.77e-02	-0.59641	5.51e-01
./fusion_twas/WEIGHTS/Blood_LDL/USP22_500kb.wgt.RDat	USP22	17	20902910	20947073	0.1511	rs4405604	 2.80	rs1044414	 1.77e-01	  9.16	 0.8750	 78	  1	lasso	0.17845	 5.43e-21	 0.87500	3.82e-01
./fusion_twas/WEIGHTS/Blood_LDL/KCNAB3_500kb.wgt.RDat	KCNAB3	17	 7825177	 7833121	0.0582	rs4791641	 5.46	rs7217194	 6.45e-02	 -5.99	 1.7538	193	  4	enet	0.05362	 4.44e-07	-1.31535	1.88e-01
./fusion_twas/WEIGHTS/Blood_LDL/PRR11_500kb.wgt.RDat	PRR11	17	57232860	57282066	0.0337	rs7221815	-3.31	rs8067682	 4.97e-03	  3.77	 1.1481	 88	 88	prs	0.01747	 2.96e-03	 1.43711	1.51e-01
./fusion_twas/WEIGHTS/Blood_LDL/FAM101B_500kb.wgt.RDat	FAM101B	17	  289769	  295730	0.1841	rs9674467	 2.44	rs11649837	 4.95e-02	 -4.86	-1.2222	128	 30	enet	0.09868	 6.48e-12	-0.03072	9.75e-01
./fusion_twas/WEIGHTS/Blood_LDL/CCDC137_500kb.wgt.RDat	CCDC137	17	79633394	79640934	0.1369	rs7502521	-2.28	rs7502869	 1.00e-01	 -6.73	-0.9675	 70	 11	enet	0.10758	 6.84e-13	 1.17090	2.42e-01
./fusion_twas/WEIGHTS/Blood_LDL/TADA2A_500kb.wgt.RDat	TADA2A	17	35766965	35839835	0.2410	rs2680398	 2.71	rs2522966	 1.88e-01	  9.38	 0.4259	130	130	prs	0.19555	 4.81e-23	 0.90632	3.65e-01
./fusion_twas/WEIGHTS/Blood_LDL/NBR1_500kb.wgt.RDat	NBR1	17	41322498	41363708	0.0552	rs732508	 2.97	rs2298862	 4.56e-02	 -5.03	-1.2500	106	106	prs	0.03929	 1.44e-05	 1.14227	2.53e-01
./fusion_twas/WEIGHTS/Blood_LDL/RP11-156P1.3_500kb.wgt.RDat	RP11-156P1.3	17	45061411	45177689	0.2308	rs7225700	-7.82	rs8080126	 1.70e-01	  8.67	 0.2586	 90	 13	enet	0.21823	 7.86e-26	-0.06722	9.46e-01
./fusion_twas/WEIGHTS/Blood_LDL/ASPSCR1_500kb.wgt.RDat	ASPSCR1	17	79934683	79975282	0.0544	rs11653735	 2.49	rs7405640	 6.03e-02	 -5.25	 2.0615	 61	  1	lasso	0.05843	 1.37e-07	-2.06154	3.93e-02
./fusion_twas/WEIGHTS/Blood_LDL/CAMTA2_500kb.wgt.RDat	CAMTA2	17	 4871287	 4890960	0.1808	rs377623	-2.98	rs2240289	 1.41e-01	  8.47	-0.3944	188	  7	lasso	0.18366	 1.30e-21	-0.83988	4.01e-01
./fusion_twas/WEIGHTS/Blood_LDL/DYNLL2_500kb.wgt.RDat	DYNLL2	17	56160776	56172897	0.0982	rs917606	-2.59	rs7225351	 7.04e-02	 -5.70	-0.8929	211	  3	lasso	0.05989	 9.61e-08	 0.88432	3.77e-01
./fusion_twas/WEIGHTS/Blood_LDL/RP5-882C2.2_500kb.wgt.RDat	RP5-882C2.2	17	42298769	42301078	0.0719	rs7216471	 2.89	rs2074143	 6.83e-03	  3.85	-0.0508	111	 15	enet	0.03628	 2.99e-05	 1.41886	1.56e-01
./fusion_twas/WEIGHTS/Blood_LDL/RP11-147L13.8_500kb.wgt.RDat	RP11-147L13.8	17	66186025	66188943	0.4422	rs16972881	 3.79	rs7350925	 7.48e-02	 -7.82	 0.3091	129	 28	enet	0.32304	 8.01e-40	-1.11370	2.65e-01
./fusion_twas/WEIGHTS/Blood_LDL/MILR1_500kb.wgt.RDat	MILR1	17	62461569	62464760	0.3300	rs2008896	-2.19	rs2955234	 1.58e-01	  0.00	-0.4528	 89	 15	enet	0.16857	 7.96e-20	 1.15518	2.48e-01
./fusion_twas/WEIGHTS/Blood_LDL/EVI2A_500kb.wgt.RDat	EVI2A	17	29644578	29648902	0.0279	rs2953013	-4.45	rs12602834	 3.83e-02	 -4.60	-1.6604	130	  3	enet	0.03147	 9.61e-05	 1.72501	8.45e-02
./fusion_twas/WEIGHTS/Blood_LDL/CAMKK1_500kb.wgt.RDat	CAMKK1	17	 3763609	 3798185	0.1658	rs781825	 3.20	rs1029800	 1.12e-02	 -4.71	 0.6168	180	 36	enet	0.03707	 2.47e-05	 0.54668	5.85e-01
./fusion_twas/WEIGHTS/Blood_LDL/LSM12_500kb.wgt.RDat	LSM12	17	42112003	42144987	0.0612	rs7216471	 2.89	rs2129301	 7.81e-03	 -3.86	 0.8144	126	  4	lasso	0.01899	 2.03e-03	-0.75500	4.50e-01
./fusion_twas/WEIGHTS/Blood_LDL/BAIAP2_500kb.wgt.RDat	BAIAP2	17	79008948	79091232	0.2832	rs8065459	 2.59	rs7210438	 4.63e-02	 -5.70	 0.3881	162	 28	enet	0.13733	 3.22e-16	 0.88147	3.78e-01
./fusion_twas/WEIGHTS/Blood_LDL/TBC1D16_500kb.wgt.RDat	TBC1D16	17	77906142	78009647	0.3425	rs8068433	-3.02	rs9799	 2.73e-01	 11.07	 0.4714	177	 18	enet	0.28256	 3.50e-34	 0.06266	9.50e-01
./fusion_twas/WEIGHTS/Blood_LDL/TMEM106A_500kb.wgt.RDat	TMEM106A	17	41363854	41372061	0.0367	rs732508	 2.97	rs4239149	 3.51e-02	 -4.33	-1.3519	101	101	prs	0.03746	 2.25e-05	 1.37246	1.70e-01
./fusion_twas/WEIGHTS/Blood_LDL/TP53I13_500kb.wgt.RDat	TP53I13	17	27893070	27900175	0.1004	rs1400790	-2.46	rs565977	 1.94e-02	 -4.64	 0.2241	 65	  8	enet	0.05022	 1.01e-06	 0.05303	9.58e-01
./fusion_twas/WEIGHTS/Blood_LDL/MRPL27_500kb.wgt.RDat	MRPL27	17	48445218	48450575	0.0887	rs16970096	-2.69	rs4794136	 9.10e-02	 -6.42	-0.3462	201	  1	lasso	0.08931	 6.78e-11	 0.34615	7.29e-01
./fusion_twas/WEIGHTS/Blood_LDL/NBR2_500kb.wgt.RDat	NBR2	17	41277627	41305688	0.2020	rs12952407	-3.05	rs16940	 4.07e-01	-13.38	-1.3455	103	  5	lasso	0.40126	 9.81e-52	 1.33131	1.83e-01
./fusion_twas/WEIGHTS/Blood_LDL/ITGB3_500kb.wgt.RDat	ITGB3	17	45331263	45421658	0.0591	rs7225700	-7.82	rs3809863	 1.77e-02	  3.99	 5.0192	125	125	blup	0.03333	 6.12e-05	 1.46670	1.42e-01
./fusion_twas/WEIGHTS/Blood_LDL/DRG2_500kb.wgt.RDat	DRG2	17	17991200	18011285	0.0912	rs9909104	 2.65	rs2975004	 7.53e-02	 -6.26	 0.4043	 97	  2	lasso	0.06633	 1.99e-08	-0.26573	7.90e-01
./fusion_twas/WEIGHTS/Blood_LDL/ORMDL3_500kb.wgt.RDat	ORMDL3	17	38077294	38083854	0.5454	rs16965687	-2.49	rs8076997	 5.50e-01	  0.00	-0.0448	 89	  6	lasso	0.60431	 7.60e-92	-0.63791	5.24e-01
./fusion_twas/WEIGHTS/Blood_LDL/AMZ2P1_500kb.wgt.RDat	AMZ2P1	17	62962668	62971694	0.3540	rs17651039	-2.08	rs9908001	 4.20e-01	  0.00	 0.7742	122	  2	lasso	0.41386	 8.53e-54	 0.47343	6.36e-01
./fusion_twas/WEIGHTS/Blood_LDL/SGSM2_500kb.wgt.RDat	SGSM2	17	 2240792	 2284352	0.1282	rs2429909	 2.89	rs3213714	 1.76e-02	 -4.43	 0.5980	175	175	blup	0.03549	 3.62e-05	-1.12430	2.61e-01
./fusion_twas/WEIGHTS/Blood_LDL/MYO19_500kb.wgt.RDat	MYO19	17	34851477	34899284	0.0730	rs2306589	 3.08	rs12603276	 5.91e-02	 -5.28	-2.5135	146	146	prs	0.04785	 1.80e-06	 2.13194	3.30e-02
./fusion_twas/WEIGHTS/Blood_LDL/THRA_500kb.wgt.RDat	THRA	17	38214543	38250120	0.3050	rs2245333	-2.62	rs2314339	 2.42e-01	 10.38	-0.8191	 97	  2	lasso	0.24229	 7.13e-29	-0.80909	4.18e-01
./fusion_twas/WEIGHTS/Blood_LDL/AC079325.6_500kb.wgt.RDat	AC079325.6	17	72556855	72563482	0.2947	rs3809714	 2.85	rs8076892	 2.73e-01	 11.01	 0.1270	191	 29	enet	0.31949	 2.58e-39	-0.06824	9.46e-01
./fusion_twas/WEIGHTS/Blood_LDL/RAB11FIP4_500kb.wgt.RDat	RAB11FIP4	17	29718642	29865236	0.1286	rs2953013	-4.45	rs178850	 1.52e-02	  4.05	 1.5082	143	 13	enet	0.01919	 1.93e-03	 1.05019	2.94e-01
./fusion_twas/WEIGHTS/Blood_LDL/BAIAP2-AS1_500kb.wgt.RDat	BAIAP2-AS1	17	79002933	79008501	0.2281	rs8065459	 2.59	rs4969349	 7.82e-02	  6.03	 0.1507	156	  3	lasso	0.14048	 1.41e-16	 0.43354	6.65e-01
./fusion_twas/WEIGHTS/Blood_LDL/TTYH2_500kb.wgt.RDat	TTYH2	17	72209653	72258155	0.0691	rs731513	-2.86	rs9902860	 6.64e-02	  0.00	 0.7812	250	  2	lasso	0.05688	 2.01e-07	 0.76769	4.43e-01
./fusion_twas/WEIGHTS/Blood_LDL/RP11-849F2.8_500kb.wgt.RDat	RP11-849F2.8	17	 8128139	 8128798	0.2122	rs4791641	 5.46	rs3027247	 2.52e-01	-10.56	 4.2931	179	  4	lasso	0.25526	 1.49e-30	-4.17005	3.05e-05
./fusion_twas/WEIGHTS/Blood_LDL/NFE2L1_500kb.wgt.RDat	NFE2L1	17	46125691	46138849	0.1211	rs8065669	 6.54	rs11869926	 1.90e-02	  0.00	-0.6592	118	 15	enet	0.06974	 8.61e-09	-0.60089	5.48e-01
./fusion_twas/WEIGHTS/Blood_LDL/PRPSAP1_500kb.wgt.RDat	PRPSAP1	17	74305567	74380602	0.0859	rs1106343	-3.31	rs8074216	 1.16e-01	  0.00	-0.7639	150	  2	lasso	0.11035	 3.38e-13	 1.16935	2.42e-01
./fusion_twas/WEIGHTS/Blood_LDL/TMC6_500kb.wgt.RDat	TMC6	17	76106539	76128488	0.0968	rs9894524	 5.83	rs3813026	 2.27e-02	  4.47	-0.5594	257	 41	enet	0.03997	 1.22e-05	-0.69514	4.87e-01
./fusion_twas/WEIGHTS/Blood_LDL/GLOD4_500kb.wgt.RDat	GLOD4	17	  660337	  685581	0.0669	rs8068241	-2.40	rs2295479	 1.19e-02	  4.83	-1.3966	183	  3	lasso	0.03165	 9.21e-05	-0.90849	3.64e-01
./fusion_twas/WEIGHTS/Blood_LDL/UBE2Z_500kb.wgt.RDat	UBE2Z	17	46985731	47006418	0.2378	rs4794031	 3.08	rs318095	 2.72e-01	 10.97	-0.6346	169	  1	lasso	0.26697	 4.30e-32	-0.63462	5.26e-01
./fusion_twas/WEIGHTS/Blood_LDL/JUP_500kb.wgt.RDat	JUP	17	39775692	39943183	0.7064	rs7713	-2.89	rs7216371	 5.20e-01	 15.09	 0.7835	140	  5	lasso	0.53381	 5.63e-76	 0.57058	5.68e-01
./fusion_twas/WEIGHTS/Blood_LDL/COX10-AS1_500kb.wgt.RDat	COX10-AS1	17	13659795	13972812	0.1122	rs1005628	 3.19	rs7216178	 3.51e-02	  0.00	-0.0492	376	 28	enet	0.03663	 2.75e-05	 0.47159	6.37e-01
./fusion_twas/WEIGHTS/Blood_LDL/ZNF624_500kb.wgt.RDat	ZNF624	17	16524051	16557170	0.0771	rs7213482	 2.19	rs1005369	 8.34e-02	  6.17	 0.1111	101	  2	lasso	0.08275	 3.47e-10	-0.04298	9.66e-01
./fusion_twas/WEIGHTS/Blood_LDL/GIT1_500kb.wgt.RDat	GIT1	17	27900487	27921072	0.2954	rs1400790	-2.46	rs894606	 2.21e-01	 -9.96	 0.8947	 66	  9	enet	0.22561	 9.38e-27	-0.42397	6.72e-01
./fusion_twas/WEIGHTS/Blood_LDL/SPHK1_500kb.wgt.RDat	SPHK1	17	74372665	74383941	0.1682	rs10852766	-2.88	rs346801	 9.29e-02	  6.79	 2.0530	141	  2	lasso	0.13897	 2.10e-16	 1.11464	2.65e-01
./fusion_twas/WEIGHTS/Blood_LDL/GGNBP2_500kb.wgt.RDat	GGNBP2	17	34900737	34946278	0.1910	rs2306589	 3.08	rs12941866	 1.63e-01	  9.48	-1.5778	138	  8	lasso	0.20405	 4.44e-24	-2.13718	3.26e-02
./fusion_twas/WEIGHTS/Blood_LDL/ASB16_500kb.wgt.RDat	ASB16	17	42247815	42256451	0.1239	rs7216471	 2.89	rs11079983	 8.56e-02	 -6.60	-1.1695	115	115	blup	0.08787	 9.72e-11	 0.95104	3.42e-01
./fusion_twas/WEIGHTS/Blood_LDL/EPN2_500kb.wgt.RDat	EPN2	17	19118928	19240028	0.0457	rs12150592	 2.44	rs7220364	 1.09e-02	  0.00	 0.0308	114	 11	enet	0.02634	 3.35e-04	-0.31049	7.56e-01
./fusion_twas/WEIGHTS/Blood_LDL/TMC8_500kb.wgt.RDat	TMC8	17	76126851	76139049	0.3419	rs9894524	 5.83	rs2871647	 2.66e-01	-10.86	 1.4773	251	 24	enet	0.30281	 5.79e-37	-1.25955	2.08e-01
./fusion_twas/WEIGHTS/Blood_LDL/STXBP4_500kb.wgt.RDat	STXBP4	17	53046088	53241646	0.0671	rs2958927	-2.86	rs12947685	 1.04e-01	  6.81	 0.5410	262	  1	lasso	0.09661	 1.09e-11	 0.54098	5.89e-01
./fusion_twas/WEIGHTS/Blood_LDL/RABEP1_500kb.wgt.RDat	RABEP1	17	 5185558	 5289129	0.1646	rs4985682	-3.00	rs7225151	 1.19e-01	  8.00	-0.3250	224	 23	enet	0.19366	 8.15e-23	-0.13984	8.89e-01
./fusion_twas/WEIGHTS/Blood_LDL/CD300LF_500kb.wgt.RDat	CD300LF	17	72690452	72709117	0.1283	rs3809714	 2.85	rs12942311	 7.27e-02	 -5.96	 0.9275	179	 23	enet	0.07339	 3.51e-09	-1.87639	6.06e-02
./fusion_twas/WEIGHTS/Blood_LDL/ZNF652_500kb.wgt.RDat	ZNF652	17	47366568	47439835	0.1353	rs4794031	 3.08	rs6504604	 7.10e-02	  6.91	-2.6032	162	 14	enet	0.11611	 7.78e-14	-2.12370	3.37e-02
./fusion_twas/WEIGHTS/Blood_LDL/C17orf66_500kb.wgt.RDat	C17orf66	17	34181955	34195895	0.0855	rs17638867	-2.62	rs16971600	 5.51e-02	  5.29	-0.9643	112	  4	lasso	0.04273	 6.26e-06	-1.01591	3.10e-01
./fusion_twas/WEIGHTS/Blood_LDL/AKAP10_500kb.wgt.RDat	AKAP10	17	19807615	19881656	0.2318	rs16960280	-1.42	rs16960660	 2.04e-01	  9.62	 0.3117	101	  3	lasso	0.22573	 9.07e-27	 0.46205	6.44e-01
./fusion_twas/WEIGHTS/Blood_LDL/NCOR1_500kb.wgt.RDat	NCOR1	17	15932471	16121499	0.0658	rs11657647	 2.40	rs2109262	 7.65e-02	 -6.47	 0.6923	 93	 93	prs	0.08066	 5.83e-10	-0.85835	3.91e-01
./fusion_twas/WEIGHTS/Blood_LDL/RPS6KB1_500kb.wgt.RDat	RPS6KB1	17	57970447	58027925	0.0699	rs7221815	-3.31	rs9899611	 6.66e-02	  5.64	 0.7778	 87	  3	lasso	0.05913	 1.16e-07	 0.83423	4.04e-01
./fusion_twas/WEIGHTS/Blood_LDL/WDR45B_500kb.wgt.RDat	WDR45B	17	80572438	80606429	0.1895	rs7405957	-4.29	rs4789704	 8.26e-02	  7.18	 0.7966	133	  3	lasso	0.12887	 2.92e-15	 0.53759	5.91e-01
./fusion_twas/WEIGHTS/Blood_LDL/RP11-214O1.2_500kb.wgt.RDat	RP11-214O1.2	17	14207171	14208822	0.1538	rs1005628	 3.19	rs8068798	 1.43e-01	 -8.04	 1.0484	309	  9	enet	0.16989	 5.57e-20	-1.15789	2.47e-01
./fusion_twas/WEIGHTS/Blood_LDL/ITGA3_500kb.wgt.RDat	ITGA3	17	48133332	48167845	0.1135	rs16970096	-2.69	rs2269772	 7.46e-02	 -5.93	 1.1340	179	  2	lasso	0.06319	 4.30e-08	-1.08439	2.78e-01
./fusion_twas/WEIGHTS/Blood_LDL/UTP18_500kb.wgt.RDat	UTP18	17	49337889	49375297	0.0982	rs175391	 2.98	rs8070200	 3.41e-02	  5.22	-0.9630	154	 10	enet	0.07038	 7.36e-09	-0.45796	6.47e-01
./fusion_twas/WEIGHTS/Blood_LDL/LRRC37A4P_500kb.wgt.RDat	LRRC37A4P	17	43578685	43627701	0.3472	rs11574836	-2.50	rs11652163	 4.72e-01	  0.00	-1.1351	 55	  6	enet	0.52370	 6.72e-74	-0.30576	7.60e-01
./fusion_twas/WEIGHTS/Blood_LDL/LINC00672_500kb.wgt.RDat	LINC00672	17	37081421	37084310	0.0571	rs2075062	 3.10	rs2241009	 2.09e-02	  4.50	 0.5902	129	 10	enet	0.04560	 3.12e-06	 0.16161	8.72e-01
./fusion_twas/WEIGHTS/Blood_LDL/STAT3_500kb.wgt.RDat	STAT3	17	40465342	40540586	0.0305	rs9907126	-4.10	rs2293154	 3.27e-02	 -4.23	 1.5135	 79	 79	prs	0.02556	 4.05e-04	-2.93209	3.37e-03
./fusion_twas/WEIGHTS/Blood_LDL/GAA_500kb.wgt.RDat	GAA	17	78075355	78093678	0.4324	rs8068433	-3.02	rs12450199	 3.77e-01	-12.87	 2.7222	165	 23	enet	0.47421	 2.52e-64	-2.83268	4.62e-03
./fusion_twas/WEIGHTS/Blood_LDL/HOXB3_500kb.wgt.RDat	HOXB3	17	46626232	46682274	0.3744	rs12948653	-4.36	rs925284	 3.42e-01	-12.83	-1.7358	142	  9	lasso	0.42103	 5.45e-55	 2.27704	2.28e-02
./fusion_twas/WEIGHTS/Blood_LDL/USP36_500kb.wgt.RDat	USP36	17	76783463	76837523	0.1674	rs4969178	-2.97	rs3744800	 1.55e-01	 -8.61	-0.2453	290	 20	enet	0.16667	 1.33e-19	 0.92015	3.57e-01
./fusion_twas/WEIGHTS/Blood_LDL/TNFSF12_500kb.wgt.RDat	TNFSF12	17	 7452208	 7464925	0.0548	rs11650232	 5.67	rs2955617	 3.91e-02	 -5.35	 0.1026	169	  3	lasso	0.05174	 7.00e-07	 0.00833	9.93e-01
./fusion_twas/WEIGHTS/Blood_LDL/CTC1_500kb.wgt.RDat	CTC1	17	 8130191	 8151362	0.2903	rs4791641	 5.46	rs3027247	 3.60e-01	-12.59	 4.2931	183	  3	lasso	0.37386	 2.14e-47	-4.16768	3.08e-05
./fusion_twas/WEIGHTS/Blood_LDL/CTB-39G8.3_500kb.wgt.RDat	CTB-39G8.3	17	43474298	43474843	0.0471	rs11079382	-3.19	rs16939676	 3.22e-02	  0.00	 2.0864	 80	  1	lasso	0.02937	 1.60e-04	 0.13187	8.95e-01
./fusion_twas/WEIGHTS/Blood_LDL/EFCAB13_500kb.wgt.RDat	EFCAB13	17	45400656	45518678	0.2605	rs7225700	-7.82	rs2317676	 9.18e-02	 -7.80	-0.1600	137	 11	lasso	0.18366	 1.30e-21	-3.29459	9.86e-04
./fusion_twas/WEIGHTS/Blood_LDL/HSD17B1_500kb.wgt.RDat	HSD17B1	17	40701232	40707231	0.1182	rs9907126	-4.10	rs598126	 1.11e-01	  7.28	 1.0192	 80	  3	lasso	0.11220	 2.11e-13	 1.32172	1.86e-01
./fusion_twas/WEIGHTS/Blood_LDL/MRPL10_500kb.wgt.RDat	MRPL10	17	45900638	45908900	0.1171	rs8065669	 6.54	rs1053800	 4.74e-02	 -6.01	-0.1481	 98	 22	enet	0.09931	 5.52e-12	 0.56115	5.75e-01
./fusion_twas/WEIGHTS/Blood_LDL/CTC-462L7.1_500kb.wgt.RDat	CTC-462L7.1	17	53246184	53250993	0.1299	rs2958927	-2.86	rs4793776	 1.31e-01	  0.00	 0.3929	230	  2	lasso	0.13359	 8.55e-16	 0.55012	5.82e-01
./fusion_twas/WEIGHTS/Blood_LDL/NUP85_500kb.wgt.RDat	NUP85	17	73201754	73231853	0.3477	rs2290455	 2.74	rs11657106	 4.02e-01	 13.32	 0.4219	123	  5	lasso	0.40567	 1.89e-52	 0.48460	6.28e-01
./fusion_twas/WEIGHTS/Blood_LDL/PIGL_500kb.wgt.RDat	PIGL	17	16120505	16252115	0.0818	rs11657647	 2.40	rs15739	 9.78e-02	 -6.80	 1.0000	 84	 17	enet	0.08800	 9.40e-11	-1.55968	1.19e-01
./fusion_twas/WEIGHTS/Blood_LDL/CTDNEP1_500kb.wgt.RDat	CTDNEP1	17	 7146910	 7155810	0.1329	rs11650232	 5.67	rs222843	 1.31e-01	 -7.65	 2.4909	164	  4	lasso	0.12378	 1.08e-14	-2.43261	1.50e-02
./fusion_twas/WEIGHTS/Blood_LDL/ENGASE_500kb.wgt.RDat	ENGASE	17	77071021	77084681	0.4693	rs8072885	-2.93	rs3744189	 1.40e-01	  7.90	-0.6833	260	 61	enet	0.30664	 1.69e-37	-0.42651	6.70e-01
./fusion_twas/WEIGHTS/Blood_LDL/MMD_500kb.wgt.RDat	MMD	17	53469974	53499353	0.0864	rs9892784	 2.08	rs11547827	 7.77e-03	 -4.26	 0.4242	194	 14	enet	0.03960	 1.33e-05	-0.17471	8.61e-01
./fusion_twas/WEIGHTS/Blood_LDL/AFMID_500kb.wgt.RDat	AFMID	17	76183398	76203782	0.1845	rs9894524	 5.83	rs8072887	 9.43e-02	  6.79	-1.7120	244	  6	lasso	0.11653	 6.98e-14	-2.08100	3.74e-02
./fusion_twas/WEIGHTS/Blood_LDL/MEOX1_500kb.wgt.RDat	MEOX1	17	41717756	41739322	0.1432	rs732508	 2.97	rs1398883	 1.30e-01	 -7.62	 0.0185	113	  3	lasso	0.14229	 8.79e-17	-0.26285	7.93e-01
./fusion_twas/WEIGHTS/Blood_LDL/SLFN14_500kb.wgt.RDat	SLFN14	17	33875144	33885117	0.0628	rs17638867	-2.62	rs12450474	 1.40e-02	  3.77	-1.6111	135	135	prs	0.03305	 6.55e-05	-1.55936	1.19e-01
./fusion_twas/WEIGHTS/Blood_LDL/PNPO_500kb.wgt.RDat	PNPO	17	46018872	46025654	0.0398	rs8065669	 6.54	rs8074149	 3.45e-02	  0.00	 4.7547	 96	  3	lasso	0.02510	 4.54e-04	-1.41058	1.58e-01
./fusion_twas/WEIGHTS/Blood_LDL/HEXDC_500kb.wgt.RDat	HEXDC	17	80376194	80400521	0.1579	rs3744165	-2.60	rs7211306	 1.25e-01	  7.78	-2.1964	107	  3	lasso	0.17567	 1.16e-20	-1.05966	2.89e-01
./fusion_twas/WEIGHTS/Blood_LDL/HOXB4_500kb.wgt.RDat	HOXB4	17	46652875	46657473	0.1420	rs12948653	-4.36	rs925284	 1.65e-01	 -8.59	-1.7358	136	 10	enet	0.18749	 4.52e-22	 2.00048	4.54e-02
./fusion_twas/WEIGHTS/Blood_LDL/ERN1_500kb.wgt.RDat	ERN1	17	62116502	62208179	0.3473	rs6504165	-2.33	rs2331413	 3.14e-01	-11.85	 1.1447	132	  3	lasso	0.32892	 1.14e-40	-0.89440	3.71e-01
./fusion_twas/WEIGHTS/Blood_LDL/SKAP1_500kb.wgt.RDat	SKAP1	17	46210802	46507637	0.1105	rs8065669	 6.54	rs7222593	 6.25e-02	 -6.08	-1.8254	185	  4	lasso	0.07576	 1.96e-09	 1.92698	5.40e-02
./fusion_twas/WEIGHTS/Blood_LDL/SSH2_500kb.wgt.RDat	SSH2	17	27952956	28257294	0.1228	rs4794873	-3.20	rs10445400	 1.19e-01	  7.52	-0.6038	102	  3	lasso	0.14079	 1.30e-16	 0.12082	9.04e-01
./fusion_twas/WEIGHTS/Blood_LDL/CD300C_500kb.wgt.RDat	CD300C	17	72537247	72542282	0.2932	rs3809714	 2.85	rs1171196	 1.27e-01	 -9.03	-2.4651	196	  6	lasso	0.29105	 2.43e-35	 1.78787	7.38e-02
./fusion_twas/WEIGHTS/Blood_LDL/CDK5R1_500kb.wgt.RDat	CDK5R1	17	30813637	30818274	0.2777	rs1034593	 3.76	rs537166	 2.76e-01	  0.00	 1.0541	 92	 18	enet	0.33829	 4.92e-42	 0.13449	8.93e-01
./fusion_twas/WEIGHTS/Blood_LDL/C17orf100_500kb.wgt.RDat	C17orf100	17	 6554971	 6556791	0.3068	rs9905473	-3.20	rs4796532	 2.52e-01	 10.58	-0.3514	240	  9	lasso	0.26886	 2.41e-32	-0.79753	4.25e-01
./fusion_twas/WEIGHTS/Blood_LDL/SLC38A10_500kb.wgt.RDat	SLC38A10	17	79218800	79269347	0.1480	rs8065459	 2.59	rs9914795	 4.73e-02	 -4.68	-0.4921	143	 35	enet	0.05732	 1.80e-07	 0.73184	4.64e-01
./fusion_twas/WEIGHTS/Blood_LDL/USP6_500kb.wgt.RDat	USP6	17	 5019733	 5078329	0.1028	rs377623	-2.98	rs11869909	 1.86e-02	 -4.11	-1.9825	180	180	blup	0.04233	 6.89e-06	 0.91720	3.59e-01
./fusion_twas/WEIGHTS/Blood_LDL/MIF4GD_500kb.wgt.RDat	MIF4GD	17	73262309	73267308	0.0567	rs2290455	 2.74	rs9913538	 1.84e-02	 -4.26	 0.2333	116	 14	enet	0.03485	 4.23e-05	-1.77268	7.63e-02
./fusion_twas/WEIGHTS/Blood_LDL/ZSWIM7_500kb.wgt.RDat	ZSWIM7	17	15879874	15903031	0.2011	rs11657647	 2.40	rs8070859	 3.75e-01	-12.84	-1.1698	 80	  4	lasso	0.37623	 9.19e-48	 1.20337	2.29e-01
./fusion_twas/WEIGHTS/Blood_LDL/DHX58_500kb.wgt.RDat	DHX58	17	40253422	40264751	0.1860	rs9907126	-4.10	rs11079033	 1.24e-01	 -7.60	-0.9583	 85	 16	enet	0.11502	 1.03e-13	 1.02257	3.07e-01
./fusion_twas/WEIGHTS/Blood_LDL/RP11-1376P16.2_500kb.wgt.RDat	RP11-1376P16.2	17	80111306	80112691	0.0738	rs11653735	 2.49	rs7226049	 1.37e-02	 -4.63	 1.1509	 72	  6	enet	0.04471	 3.87e-06	-0.76372	4.45e-01
./fusion_twas/WEIGHTS/Blood_LDL/KRBA2_500kb.wgt.RDat	KRBA2	17	 8271955	 8280029	0.1021	rs4791641	 5.46	rs11078710	 9.55e-02	  0.00	 1.5231	175	  5	enet	0.09501	 1.63e-11	-2.72786	6.37e-03
./fusion_twas/WEIGHTS/Blood_LDL/ST6GALNAC2_500kb.wgt.RDat	ST6GALNAC2	17	74559792	74583038	0.2359	rs8067774	 2.66	rs11077835	 1.37e-01	 -7.79	 0.7671	199	  5	lasso	0.17102	 4.10e-20	-1.06188	2.88e-01
./fusion_twas/WEIGHTS/Blood_LDL/VAT1_500kb.wgt.RDat	VAT1	17	41166622	41177140	0.0385	rs11651246	-3.35	rs915945	 3.25e-02	 -4.64	-1.2321	 84	 84	prs	0.04439	 4.18e-06	 1.24251	2.14e-01
./fusion_twas/WEIGHTS/Blood_LDL/KANSL1-AS1_500kb.wgt.RDat	KANSL1-AS1	17	44270942	44274089	0.2278	rs1396862	 1.67	rs4792886	 4.18e-01	  0.00	 1.4167	  7	  2	enet	0.45915	 1.37e-61	 1.65623	9.77e-02
./fusion_twas/WEIGHTS/Blood_LDL/KIF1C_500kb.wgt.RDat	KIF1C	17	 4901243	 4931696	0.0503	rs377623	-2.98	rs2240289	 1.66e-02	  4.06	-0.3944	189	189	prs	0.01795	 2.63e-03	-0.79645	4.26e-01
./fusion_twas/WEIGHTS/Blood_LDL/MINK1_500kb.wgt.RDat	MINK1	17	 4736683	 4801356	0.2916	rs377623	-2.98	rs1052748	 1.29e-01	 -8.44	 0.7778	200	 22	enet	0.24431	 3.93e-29	-0.27029	7.87e-01
./fusion_twas/WEIGHTS/Blood_LDL/ICAM2_500kb.wgt.RDat	ICAM2	17	62079954	62097994	0.0680	rs6504165	-2.33	rs11079516	 1.77e-02	  3.89	-1.5417	132	 14	enet	0.04247	 6.66e-06	-0.28235	7.78e-01
./fusion_twas/WEIGHTS/Blood_LDL/SRR_500kb.wgt.RDat	SRR	17	 2206677	 2228554	0.1034	rs2429909	 2.89	rs7217992	 1.11e-01	  0.00	-0.1868	169	  1	lasso	0.10975	 3.94e-13	-0.28814	7.73e-01
./fusion_twas/WEIGHTS/Blood_LDL/AKAP1_500kb.wgt.RDat	AKAP1	17	55162453	55198710	0.0951	rs2332933	 2.73	rs8068944	 5.05e-03	 -3.63	-0.0678	236	236	prs	0.04120	 9.07e-06	 1.09532	2.73e-01
./fusion_twas/WEIGHTS/Blood_LDL/GAS7_500kb.wgt.RDat	GAS7	17	 9813926	10101868	0.0975	rs418706	-4.06	rs9902678	 2.45e-03	  3.75	 0.4091	314	314	prs	0.02036	 1.45e-03	 2.39024	1.68e-02
./fusion_twas/WEIGHTS/Blood_LDL/CRHR1_500kb.wgt.RDat	CRHR1	17	43699267	43913194	0.1180	NA	   NA	NA	       NA	    NA	     NA	 33	  0	lasso	0.18734	 4.71e-22	      NA	      NA
./fusion_twas/WEIGHTS/Blood_LDL/NARF_500kb.wgt.RDat	NARF	17	80416056	80448413	0.0963	rs3744165	-2.60	rs11077995	 4.52e-02	 -4.57	 0.2037	123	  3	lasso	0.04098	 9.56e-06	 0.11122	9.11e-01
./fusion_twas/WEIGHTS/Blood_LDL/AATK_500kb.wgt.RDat	AATK	17	79091095	79139877	0.1799	rs8065459	 2.59	rs4969260	 1.28e-01	 -8.18	-1.7627	156	  3	lasso	0.14106	 1.21e-16	 1.52178	1.28e-01
./fusion_twas/WEIGHTS/Blood_LDL/SPAG9_500kb.wgt.RDat	SPAG9	17	49039535	49198226	0.0732	rs175391	 2.98	rs9899816	 6.77e-02	  5.79	-0.2407	164	  3	lasso	0.05467	 3.43e-07	-0.21375	8.31e-01
./fusion_twas/WEIGHTS/Blood_LDL/SDK2_500kb.wgt.RDat	SDK2	17	71330523	71640228	0.2220	rs731513	-2.86	rs4789155	 1.55e-01	 -8.31	 2.5455	355	 34	enet	0.20152	 9.06e-24	-1.27529	2.02e-01
./fusion_twas/WEIGHTS/Blood_LDL/TEX2_500kb.wgt.RDat	TEX2	17	62224587	62340661	0.0824	rs8075273	-2.22	rs8081474	 7.92e-03	  4.16	-1.5059	125	  3	lasso	0.02119	 1.18e-03	-1.41084	1.58e-01
./fusion_twas/WEIGHTS/Blood_LDL/SLFN13_500kb.wgt.RDat	SLFN13	17	33762115	33775856	0.1600	rs17638867	-2.62	rs6505476	 6.85e-03	  4.39	-0.9091	122	 17	enet	0.10649	 9.02e-13	-1.73463	8.28e-02
./fusion_twas/WEIGHTS/Blood_LDL/JMJD6_500kb.wgt.RDat	JMJD6	17	74708919	74722866	0.0510	rs8067774	 2.66	rs2240774	 5.83e-02	 -5.19	-0.0377	214	  1	lasso	0.04661	 2.44e-06	 0.03774	9.70e-01
./fusion_twas/WEIGHTS/Blood_LDL/RP11-138P22.1_500kb.wgt.RDat	RP11-138P22.1	17	26201671	26208263	0.0522	rs11653617	-3.69	rs3751972	 8.62e-03	 -4.17	 2.9833	118	  8	enet	0.03788	 2.03e-05	-3.82558	1.30e-04
./fusion_twas/WEIGHTS/Blood_LDL/CWC25_500kb.wgt.RDat	CWC25	17	36956687	36981734	0.1407	rs2075062	 3.10	rs597234	 7.88e-02	  6.16	-1.7812	135	 29	enet	0.08726	 1.13e-10	-0.85770	3.91e-01
./fusion_twas/WEIGHTS/Blood_LDL/TBC1D27_500kb.wgt.RDat	TBC1D27	17	16826229	16838153	0.0664	rs10521328	 2.46	rs2274892	 1.83e-02	  4.34	 0.0370	131	 13	enet	0.02306	 7.46e-04	 0.94497	3.45e-01
./fusion_twas/WEIGHTS/Blood_LDL/RPTOR_500kb.wgt.RDat	RPTOR	17	78518619	78940171	0.2029	rs8068433	-3.02	rs4062178	 1.62e-01	 -8.46	-0.5833	237	  3	lasso	0.14965	 1.26e-17	 0.46899	6.39e-01
./fusion_twas/WEIGHTS/Blood_LDL/ARMC7_500kb.wgt.RDat	ARMC7	17	73106047	73126360	0.0937	rs2290455	 2.74	rs1531565	 9.90e-02	  6.75	 0.5345	136	  4	lasso	0.08916	 7.04e-11	 0.43463	6.64e-01
./fusion_twas/WEIGHTS/Blood_LDL/C17orf89_500kb.wgt.RDat	C17orf89	17	79213039	79215081	0.1468	rs8065459	 2.59	rs7219081	 7.21e-02	  6.80	-0.4500	143	 15	enet	0.09803	 7.63e-12	-1.12975	2.59e-01
./fusion_twas/WEIGHTS/Blood_LDL/NPLOC4_500kb.wgt.RDat	NPLOC4	17	79523913	79615495	0.0802	rs7502521	-2.28	rs3934711	 6.39e-02	 -5.65	-1.1587	 86	  2	lasso	0.04659	 2.45e-06	 1.16015	2.46e-01
./fusion_twas/WEIGHTS/Blood_LDL/FTSJ3_500kb.wgt.RDat	FTSJ3	17	61896793	61907372	0.1499	rs3760257	 3.70	rs1062791	 2.13e-01	 -9.86	 0.0189	130	  5	lasso	0.22357	 1.69e-26	 0.13007	8.97e-01
./fusion_twas/WEIGHTS/Blood_LDL/RUNDC3A_500kb.wgt.RDat	RUNDC3A	17	42385781	42396039	0.1754	rs17745948	-2.23	rs2011895	 1.07e-01	 -7.62	-1.6981	112	  7	lasso	0.11371	 1.44e-13	 1.82226	6.84e-02
./fusion_twas/WEIGHTS/Blood_LDL/AC135178.1_500kb.wgt.RDat	AC135178.1	17	 8261731	 8263538	0.1514	rs4791641	 5.46	rs9911562	 7.72e-02	  7.00	-3.7869	175	  3	lasso	0.13473	 6.36e-16	-3.77700	1.59e-04
./fusion_twas/WEIGHTS/Blood_LDL/ABHD15_500kb.wgt.RDat	ABHD15	17	27887565	27894155	0.2923	rs1400790	-2.46	rs565977	 1.74e-01	  8.80	 0.2241	 65	  2	lasso	0.16773	 1.00e-19	 0.24621	8.06e-01
./fusion_twas/WEIGHTS/Blood_LDL/RPH3AL_500kb.wgt.RDat	RPH3AL	17	   62293	  236045	0.2557	rs9674467	 2.44	rs7406768	 4.33e-02	  5.25	-0.6792	112	  8	lasso	0.10454	 1.48e-12	-0.19416	8.46e-01
./fusion_twas/WEIGHTS/Blood_LDL/MAP3K3_500kb.wgt.RDat	MAP3K3	17	61699775	61773663	0.0212	rs3760257	 3.70	rs10491186	 2.01e-02	  0.00	-1.5385	125	125	prs	0.01879	 2.13e-03	-2.16547	3.04e-02
./fusion_twas/WEIGHTS/Blood_LDL/SMARCE1_500kb.wgt.RDat	SMARCE1	17	38781214	38804760	0.1468	rs2245333	-2.62	rs8074758	 2.09e-01	  9.69	-0.3269	110	 11	enet	0.20947	 9.58e-25	-0.26020	7.95e-01
./fusion_twas/WEIGHTS/Blood_LDL/PCTP_500kb.wgt.RDat	PCTP	17	53828340	53920191	0.0639	rs9892784	 2.08	rs7225739	 3.36e-02	  0.00	 0.9286	221	221	prs	0.05856	 1.33e-07	 0.39998	6.89e-01
./fusion_twas/WEIGHTS/Blood_LDL/ALDH3A2_500kb.wgt.RDat	ALDH3A2	17	19551449	19580911	0.1649	rs11871106	 1.99	rs2386144	 1.63e-01	  8.51	 0.1803	101	  8	lasso	0.19670	 3.50e-23	 0.20624	8.37e-01
./fusion_twas/WEIGHTS/Blood_LDL/ZNHIT3_500kb.wgt.RDat	ZNHIT3	17	34842473	34855154	0.0823	rs2306589	 3.08	rs854469	-1.16e-03	 -3.33	-0.3924	146	146	prs	0.02524	 4.38e-04	-0.86175	3.89e-01
./fusion_twas/WEIGHTS/Blood_LDL/C17orf51_500kb.wgt.RDat	C17orf51	17	21428051	21477722	0.1455	rs6565378	 2.77	rs7405782	 1.04e-01	 -7.00	-0.2222	 65	  3	lasso	0.10424	 1.59e-12	 0.09008	9.28e-01
./fusion_twas/WEIGHTS/Blood_LDL/SYNRG_500kb.wgt.RDat	SYNRG	17	35874900	35969544	0.1956	rs2680398	 2.71	rs2158235	 1.95e-01	  9.40	 0.0741	119	  3	lasso	0.18978	 2.40e-22	 0.10058	9.20e-01
./fusion_twas/WEIGHTS/Blood_LDL/RP11-47L3.1_500kb.wgt.RDat	RP11-47L3.1	17	33640521	33651919	0.1459	rs17638867	-2.62	rs17547201	 8.56e-02	 -6.85	 0.0000	124	124	prs	0.10017	 4.45e-12	 0.32313	7.47e-01
./fusion_twas/WEIGHTS/Blood_LDL/SREBF1_500kb.wgt.RDat	SREBF1	17	17713713	17740325	0.0393	rs13284	 2.60	rs1889018	 5.98e-02	 -5.51	 0.1481	143	  1	lasso	0.04067	 1.03e-05	-0.14815	8.82e-01
./fusion_twas/WEIGHTS/Blood_LDL/SAT2_500kb.wgt.RDat	SAT2	17	 7529552	 7531194	0.1363	rs11650232	 5.67	rs8068222	 1.33e-01	  7.76	-0.5370	181	  7	lasso	0.12232	 1.58e-14	-0.66901	5.03e-01
./fusion_twas/WEIGHTS/Blood_LDL/TOB1_500kb.wgt.RDat	TOB1	17	48939584	48945339	0.0762	rs175391	 2.98	rs7216106	 5.25e-02	 -5.28	 1.1774	137	137	prs	0.05662	 2.14e-07	-0.78796	4.31e-01
./fusion_twas/WEIGHTS/Blood_LDL/ADORA2B_500kb.wgt.RDat	ADORA2B	17	15848231	15879060	0.1915	rs11657647	 2.40	rs2285583	 2.62e-01	 10.96	-1.0000	 86	  5	lasso	0.27177	 9.88e-33	-0.88157	3.78e-01
./fusion_twas/WEIGHTS/Blood_LDL/CD300E_500kb.wgt.RDat	CD300E	17	72606026	72619897	0.1655	rs3809714	 2.85	rs1699596	 1.21e-01	  7.55	 0.6852	191	 14	enet	0.16477	 2.22e-19	 0.61954	5.36e-01
./fusion_twas/WEIGHTS/Blood_LDL/SNX11_500kb.wgt.RDat	SNX11	17	46180719	46200436	0.1740	rs8065669	 6.54	rs11079806	 2.22e-01	 -9.96	 1.0476	126	  6	lasso	0.22080	 3.76e-26	-1.22966	2.19e-01
./fusion_twas/WEIGHTS/Blood_LDL/SCRN2_500kb.wgt.RDat	SCRN2	17	45915058	45918699	0.1696	rs8065669	 6.54	rs16948662	 1.21e-01	 -8.23	-3.8750	 97	 15	enet	0.14755	 2.20e-17	 3.05229	2.27e-03
./fusion_twas/WEIGHTS/Blood_LDL/DUSP3_500kb.wgt.RDat	DUSP3	17	41843489	41856356	0.1233	rs732508	 2.97	rs2074143	 1.15e-01	  7.21	-0.0508	120	  5	lasso	0.10898	 4.80e-13	-0.00134	9.99e-01
./fusion_twas/WEIGHTS/Blood_LDL/VPS53_500kb.wgt.RDat	VPS53	17	  411908	  624957	0.3647	rs9674467	 2.44	rs741677	 2.66e-01	-10.87	 0.1509	209	 25	enet	0.41359	 9.44e-54	-0.01141	9.91e-01
./fusion_twas/WEIGHTS/Blood_LDL/NT5M_500kb.wgt.RDat	NT5M	17	17206649	17250977	0.3311	rs10521328	 2.46	rs16961474	 3.03e-01	 11.55	-0.0500	150	 20	enet	0.30764	 1.22e-37	-0.11689	9.07e-01
./fusion_twas/WEIGHTS/Blood_LDL/SLFN11_500kb.wgt.RDat	SLFN11	17	33677324	33700720	0.0573	rs17638867	-2.62	rs772291	 2.00e-02	 -3.93	-0.1579	127	  5	lasso	0.03266	 7.20e-05	 0.39423	6.93e-01
./fusion_twas/WEIGHTS/Blood_LDL/HEATR6_500kb.wgt.RDat	HEATR6	17	58120555	58156292	0.3422	rs7221815	-3.31	rs8066241	 3.44e-01	 12.37	-0.2989	 74	  2	lasso	0.34483	 5.34e-43	-0.29897	7.65e-01
./fusion_twas/WEIGHTS/Blood_LDL/TRIM37_500kb.wgt.RDat	TRIM37	17	57059999	57184282	0.1537	rs9908925	-2.62	rs3826353	 2.29e-01	-10.14	-0.7407	101	 11	enet	0.22768	 5.15e-27	 0.98151	3.26e-01
./fusion_twas/WEIGHTS/Blood_LDL/MYH3_500kb.wgt.RDat	MYH3	17	10531843	10560626	0.1019	rs11868948	 3.16	rs4572442	 3.24e-02	  0.00	 0.1944	227	 14	enet	0.04750	 1.96e-06	 0.37044	7.11e-01
./fusion_twas/WEIGHTS/Blood_LDL/PRKCA_500kb.wgt.RDat	PRKCA	17	64298754	64806861	0.1236	rs4791079	 4.22	rs10468566	 5.48e-02	  0.00	 2.5962	301	 24	enet	0.06606	 2.13e-08	-0.03068	9.76e-01
./fusion_twas/WEIGHTS/Blood_LDL/ACOX1_500kb.wgt.RDat	ACOX1	17	73937588	73975515	0.2261	rs1106343	-3.31	rs3744033	 6.51e-02	 -6.58	 1.0299	123	  6	enet	0.18673	 5.58e-22	 0.35267	7.24e-01
./fusion_twas/WEIGHTS/Blood_LDL/CTC-524C5.2_500kb.wgt.RDat	CTC-524C5.2	17	 5328459	 5336196	0.1807	rs4985682	-3.00	rs1050390	 1.76e-01	  9.05	-0.8636	208	  4	lasso	0.16606	 1.57e-19	-0.93948	3.47e-01
./fusion_twas/WEIGHTS/Blood_LDL/CTD-2006K23.1_500kb.wgt.RDat	CTD-2006K23.1	17	72595979	72603368	0.4322	rs3809714	 2.85	rs905710	 3.45e-01	-12.32	-0.8421	188	  4	lasso	0.40103	 1.07e-51	 0.43925	6.60e-01
./fusion_twas/WEIGHTS/Blood_LDL/PROCA1_500kb.wgt.RDat	PROCA1	17	27030215	27038872	0.1334	rs9895443	-4.75	rs12602520	 7.95e-02	 -6.64	-3.5495	110	 19	enet	0.06789	 1.36e-08	 1.97371	4.84e-02
./fusion_twas/WEIGHTS/Blood_LDL/DCAKD_500kb.wgt.RDat	DCAKD	17	43100708	43138473	0.2422	rs11079382	-3.19	rs2157839	 1.53e-01	 -8.27	-1.2414	122	 22	enet	0.18691	 5.30e-22	 0.12301	9.02e-01
./fusion_twas/WEIGHTS/Blood_LDL/MIS12_500kb.wgt.RDat	MIS12	17	 5389605	 5394134	0.0719	rs4985682	-3.00	rs8072363	 5.59e-02	 -6.13	-1.0299	211	  4	lasso	0.07677	 1.53e-09	 1.27516	2.02e-01
./fusion_twas/WEIGHTS/Blood_LDL/NR1D1_500kb.wgt.RDat	NR1D1	17	38249040	38256978	0.3515	rs2245333	-2.62	rs2314339	 2.54e-01	 10.75	-0.8191	 99	  4	lasso	0.24538	 2.86e-29	-0.92007	3.58e-01
./fusion_twas/WEIGHTS/Blood_LDL/B3GNTL1_500kb.wgt.RDat	B3GNTL1	17	80900031	81009686	0.0824	rs7405957	-4.29	rs2306758	 1.78e-02	  0.00	-0.1264	115	  6	lasso	0.00962	 2.14e-02	-1.62530	1.04e-01
./fusion_twas/WEIGHTS/Blood_LDL/ALKBH5_500kb.wgt.RDat	ALKBH5	17	18086392	18113268	0.1274	rs9909104	 2.65	rs12936694	 1.32e-01	  7.72	 0.2264	 87	 16	enet	0.12975	 2.32e-15	-0.51236	6.08e-01
./fusion_twas/WEIGHTS/Blood_LDL/SPECC1_500kb.wgt.RDat	SPECC1	17	19912657	20222339	0.1236	rs1815569	 1.92	rs7211535	 5.92e-02	 -5.50	-1.2115	 98	  7	enet	0.07853	 9.87e-10	 0.86879	3.85e-01
./fusion_twas/WEIGHTS/Blood_LDL/WSB1_500kb.wgt.RDat	WSB1	17	25621102	25640657	0.0499	rs9902474	-3.00	rs6505199	 3.60e-02	 -5.02	-2.4528	 95	  4	enet	0.03671	 2.69e-05	 2.44574	1.45e-02
./fusion_twas/WEIGHTS/Blood_LDL/C17orf80_500kb.wgt.RDat	C17orf80	17	71228372	71245091	0.1145	rs17781029	 2.84	rs1037256	 1.37e-01	 -7.96	 0.4423	281	  5	enet	0.13058	 1.87e-15	-0.35844	7.20e-01
./fusion_twas/WEIGHTS/Blood_LDL/ALDOC_500kb.wgt.RDat	ALDOC	17	26900133	26904282	0.0458	rs9895443	-4.75	rs7207976	 7.10e-02	 -5.66	-1.2931	103	  2	lasso	0.06889	 1.06e-08	 1.46082	1.44e-01
./fusion_twas/WEIGHTS/Blood_LDL/TTC19_500kb.wgt.RDat	TTC19	17	15902694	15948329	0.2368	rs11657647	 2.40	rs758853	 3.62e-01	-12.63	-1.0769	 84	  5	lasso	0.35546	 1.38e-44	 0.90894	3.63e-01
./fusion_twas/WEIGHTS/Blood_LDL/TTC25_500kb.wgt.RDat	TTC25	17	40086888	40117648	0.0649	rs9907126	-4.10	rs4796729	 1.66e-02	  4.31	-1.0159	122	122	prs	0.03542	 3.69e-05	-0.18354	8.54e-01
./fusion_twas/WEIGHTS/Blood_LDL/ERAL1_500kb.wgt.RDat	ERAL1	17	27181956	27188085	0.0518	rs9895443	-4.75	rs9895443	 4.58e-02	 -5.09	-4.7538	110	110	prs	0.03544	 3.66e-05	 4.10171	4.10e-05
./fusion_twas/WEIGHTS/Blood_LDL/ATP6V0A1_500kb.wgt.RDat	ATP6V0A1	17	40610862	40674629	0.0346	rs9907126	-4.10	rs4796750	 1.52e-02	  0.00	-1.5690	 81	  3	lasso	0.02463	 5.09e-04	-0.96440	3.35e-01
./fusion_twas/WEIGHTS/Blood_LDL/EFTUD2_500kb.wgt.RDat	EFTUD2	17	42927311	42977030	0.1058	rs11079382	-3.19	rs12222	 7.80e-02	  5.99	-1.2373	131	 15	enet	0.09660	 1.09e-11	 0.15157	8.80e-01
./fusion_twas/WEIGHTS/Blood_LDL/SNHG16_500kb.wgt.RDat	SNHG16	17	74553848	74561430	0.1181	rs8067774	 2.66	rs3744050	 6.61e-02	  5.64	-0.7358	192	  3	lasso	0.05271	 5.53e-07	-0.53457	5.93e-01
./fusion_twas/WEIGHTS/Blood_LDL/DCXR_500kb.wgt.RDat	DCXR	17	79993012	79995608	0.1188	rs11653735	 2.49	rs8081117	 5.66e-02	  5.30	-0.6000	 57	 12	enet	0.09307	 2.65e-11	-1.67662	9.36e-02
./fusion_twas/WEIGHTS/Blood_LDL/WIPI1_500kb.wgt.RDat	WIPI1	17	66417089	66453654	0.1428	rs1373067	 3.98	rs16972958	 7.87e-02	 -6.44	-1.1209	181	  4	lasso	0.08473	 2.12e-10	 2.03409	4.19e-02
./fusion_twas/WEIGHTS/Blood_LDL/STX8_500kb.wgt.RDat	STX8	17	 9153788	 9479908	0.1844	rs418706	-4.06	rs9904459	 6.85e-03	 -4.75	 0.2115	296	 27	enet	0.07456	 2.63e-09	 2.13232	3.30e-02
./fusion_twas/WEIGHTS/Blood_LDL/PLD2_500kb.wgt.RDat	PLD2	17	 4710391	 4726729	0.4132	rs377623	-2.98	rs2286670	 3.61e-01	 12.65	 0.5054	194	  2	lasso	0.37532	 1.27e-47	 0.46292	6.43e-01
./fusion_twas/WEIGHTS/Blood_LDL/FLCN_500kb.wgt.RDat	FLCN	17	17115526	17140502	0.1637	rs10521328	 2.46	rs1708618	 1.87e-01	 -9.08	-0.5926	140	  3	lasso	0.18322	 1.47e-21	 0.62963	5.29e-01
./fusion_twas/WEIGHTS/Blood_LDL/CENPV_500kb.wgt.RDat	CENPV	17	16245848	16256970	0.1433	rs11657647	 2.40	rs7477	 1.27e-01	  7.80	-0.9091	 81	  3	lasso	0.11980	 3.02e-14	-0.97067	3.32e-01
./fusion_twas/WEIGHTS/Blood_LDL/RP11-589P10.5_500kb.wgt.RDat	RP11-589P10.5	17	 6897961	 6898508	0.1357	rs11650232	 5.67	rs2070590	 9.01e-02	 -6.95	 0.2931	186	  3	lasso	0.09336	 2.46e-11	-0.34764	7.28e-01
./fusion_twas/WEIGHTS/Blood_LDL/C17orf59_500kb.wgt.RDat	C17orf59	17	 8091652	 8093564	0.0760	rs4791641	 5.46	rs9914077	 3.03e-02	  4.05	-3.6226	170	170	prs	0.02539	 4.22e-04	-4.13940	3.48e-05
./fusion_twas/WEIGHTS/Blood_LDL/ATPAF2_500kb.wgt.RDat	ATPAF2	17	17880723	17942523	0.0445	rs9909104	 2.65	rs4925112	 1.92e-02	 -4.14	-1.1750	108	  8	enet	0.01858	 2.25e-03	 0.10533	9.16e-01
./fusion_twas/WEIGHTS/Blood_LDL/STRA13_500kb.wgt.RDat	STRA13	17	79976578	79981983	0.0807	rs11653735	 2.49	rs7405640	 2.18e-03	 -3.57	 2.0615	 58	 58	blup	0.01220	 1.11e-02	-1.25220	2.10e-01
./fusion_twas/WEIGHTS/Blood_LDL/TBKBP1_500kb.wgt.RDat	TBKBP1	17	45771447	45789416	0.3385	rs7225700	-7.82	rs8078309	 4.43e-01	 13.95	-4.3208	121	  3	lasso	0.43972	 3.60e-58	-4.35020	1.36e-05
./fusion_twas/WEIGHTS/Blood_LDL/G6PC3_500kb.wgt.RDat	G6PC3	17	42148103	42153709	0.0885	rs7216471	 2.89	rs231531	 3.36e-02	  4.35	 0.1429	123	  4	lasso	0.01912	 1.97e-03	-0.04833	9.61e-01
./fusion_twas/WEIGHTS/Blood_LDL/ELAC2_500kb.wgt.RDat	ELAC2	17	12895708	12921504	0.2114	rs7214329	 2.88	rs2523	 1.68e-01	 -8.83	-0.1071	243	  1	lasso	0.15904	 1.04e-18	 0.10714	9.15e-01
./fusion_twas/WEIGHTS/Blood_LDL/COPS3_500kb.wgt.RDat	COPS3	17	17150141	17184607	0.2208	rs10521328	 2.46	rs16961474	 2.15e-01	  9.83	-0.0500	144	  5	lasso	0.20462	 3.78e-24	-0.07105	9.43e-01
./fusion_twas/WEIGHTS/Blood_LDL/GSDMB_500kb.wgt.RDat	GSDMB	17	38060848	38076107	0.4880	rs16965687	-2.49	rs6503513	 4.31e-01	  0.00	-0.6735	 90	  3	lasso	0.48691	 1.08e-66	-0.57014	5.69e-01
./fusion_twas/WEIGHTS/Blood_LDL/FAM211A_500kb.wgt.RDat	FAM211A	17	16344891	16395467	0.0887	rs7213482	 2.19	rs673760	 5.45e-02	  5.04	-0.7736	 97	  4	lasso	0.04035	 1.11e-05	-0.58214	5.60e-01
./fusion_twas/WEIGHTS/Blood_LDL/RPA1_500kb.wgt.RDat	RPA1	17	 1732996	 1803376	0.1272	rs16948748	-3.73	rs3744767	 9.20e-02	 -6.57	 0.2436	181	  9	enet	0.07917	 8.42e-10	-0.37219	7.10e-01
./fusion_twas/WEIGHTS/Blood_LDL/SMYD4_500kb.wgt.RDat	SMYD4	17	 1682779	 1733928	0.0555	rs16948748	-3.73	rs7217992	 2.02e-02	 -3.68	-0.1868	180	180	prs	0.01891	 2.07e-03	-1.04609	2.96e-01
./fusion_twas/WEIGHTS/Blood_LDL/RP11-173M1.8_500kb.wgt.RDat	RP11-173M1.8	17	25641669	25642952	0.1680	rs9902474	-3.00	rs7213148	 6.04e-02	  5.66	-2.3736	 95	  5	enet	0.11752	 5.42e-14	-3.10314	1.91e-03
./fusion_twas/WEIGHTS/Blood_LDL/UNC13D_500kb.wgt.RDat	UNC13D	17	73823306	73840798	0.0733	rs1106343	-3.31	rs8067076	 8.80e-02	 -6.38	-2.2586	123	  3	lasso	0.08211	 4.07e-10	 2.23528	2.54e-02
./fusion_twas/WEIGHTS/Blood_LDL/RP11-686D22.4_500kb.wgt.RDat	RP11-686D22.4	17	33730856	33731392	0.1196	rs17638867	-2.62	rs1994083	 8.61e-02	  0.00	 0.9420	124	  3	lasso	0.09449	 1.86e-11	 0.06417	9.49e-01
./fusion_twas/WEIGHTS/Blood_LDL/SHMT1_500kb.wgt.RDat	SHMT1	17	18231187	18266856	0.5370	rs9909104	 2.65	rs12946752	 2.40e-01	-11.07	-2.5893	 82	 31	enet	0.37318	 2.73e-47	 1.41168	1.58e-01
./fusion_twas/WEIGHTS/Blood_LDL/ANKRD40_500kb.wgt.RDat	ANKRD40	17	48770551	48785285	0.0968	rs16970096	-2.69	rs2286650	 9.71e-02	 -7.08	 0.9828	161	  3	lasso	0.10091	 3.69e-12	-0.90727	3.64e-01
./fusion_twas/WEIGHTS/Blood_LDL/GGA3_500kb.wgt.RDat	GGA3	17	73232694	73258444	0.0686	rs2290455	 2.74	rs2291031	 5.12e-02	  5.37	 0.6400	120	  7	enet	0.04965	 1.16e-06	 0.20380	8.39e-01
./fusion_twas/WEIGHTS/Blood_LDL/MRPS7_500kb.wgt.RDat	MRPS7	17	73257755	73262454	0.0529	rs2290455	 2.74	rs2242231	 9.05e-02	 -6.66	 0.3714	117	  3	lasso	0.08559	 1.71e-10	-0.36559	7.15e-01
./fusion_twas/WEIGHTS/Blood_LDL/OGFOD3_500kb.wgt.RDat	OGFOD3	17	80347099	80376513	0.1987	rs3744165	-2.60	rs6502108	 9.10e-02	 -6.98	 0.4500	 97	  9	enet	0.15368	 4.33e-18	 1.10858	2.68e-01
./fusion_twas/WEIGHTS/Blood_LDL/RHOT1_500kb.wgt.RDat	RHOT1	17	30469473	30580393	0.0946	rs1034593	 3.76	rs16967164	 4.56e-02	 -5.76	 1.7681	141	141	prs	0.08604	 1.53e-10	-1.00096	3.17e-01
./fusion_twas/WEIGHTS/Blood_LDL/KCTD11_500kb.wgt.RDat	KCTD11	17	 7255208	 7258258	0.0641	rs11650232	 5.67	rs2292067	 7.76e-03	  4.06	 0.8182	161	161	prs	0.02516	 4.48e-04	 2.29940	2.15e-02
./fusion_twas/WEIGHTS/Blood_LDL/RAPGEFL1_500kb.wgt.RDat	RAPGEFL1	17	38333263	38351908	0.1614	rs2245333	-2.62	rs11867995	 1.13e-01	  7.11	 0.0640	106	  5	lasso	0.12359	 1.14e-14	-0.19242	8.47e-01
./fusion_twas/WEIGHTS/Blood_LDL/SLC16A3_500kb.wgt.RDat	SLC16A3	17	80186273	80219005	0.0487	rs11653735	 2.49	rs1127678	 2.74e-03	 -3.38	 1.1562	 80	 80	blup	0.00719	 4.03e-02	-0.32061	7.49e-01
./fusion_twas/WEIGHTS/Blood_LDL/OXLD1_500kb.wgt.RDat	OXLD1	17	79632066	79633665	0.0609	rs7502521	-2.28	rs7209950	 2.03e-02	  0.00	-1.6214	 71	  4	lasso	0.03240	 7.66e-05	 0.42186	6.73e-01
./fusion_twas/WEIGHTS/Blood_LDL/DGKE_500kb.wgt.RDat	DGKE	17	54911460	54946036	0.1997	rs9652853	-2.33	rs12600910	 9.96e-02	  0.00	 0.2083	197	 22	enet	0.10307	 2.14e-12	-1.18600	2.36e-01
./fusion_twas/WEIGHTS/Blood_LDL/SLC16A6_500kb.wgt.RDat	SLC16A6	17	66263167	66287408	0.0827	rs16972881	 3.79	rs2072268	 1.60e-02	 -4.03	 0.1053	157	 22	enet	0.04507	 3.54e-06	 0.38836	6.98e-01
./fusion_twas/WEIGHTS/Blood_LDL/CEP95_500kb.wgt.RDat	CEP95	17	62502706	62538579	0.3005	rs2008896	-2.19	rs1991401	 1.55e-01	  8.41	-1.5556	 91	  2	lasso	0.15195	 6.85e-18	-1.55549	1.20e-01
./fusion_twas/WEIGHTS/Blood_LDL/RP11-686D22.10_500kb.wgt.RDat	RP11-686D22.10	17	33797088	33797647	0.0531	rs17638867	-2.62	rs11867191	 4.87e-02	  4.92	 0.3585	123	  1	lasso	0.03115	 1.04e-04	 0.35849	7.20e-01
./fusion_twas/WEIGHTS/Blood_LDL/MPO_500kb.wgt.RDat	MPO	17	56347217	56358296	0.0638	rs917606	-2.59	rs12949848	 6.98e-02	  6.09	 0.8551	152	 14	enet	0.05484	 3.30e-07	 0.67537	4.99e-01
./fusion_twas/WEIGHTS/Blood_LDL/ACACA_500kb.wgt.RDat	ACACA	17	35441923	35766909	0.1091	rs2680398	 2.71	rs3110647	 7.03e-03	 -3.67	-1.2568	228	 14	enet	0.02626	 3.42e-04	-0.30290	7.62e-01
./fusion_twas/WEIGHTS/Blood_LDL/POLDIP2_500kb.wgt.RDat	POLDIP2	17	26673659	26684545	0.0323	rs9895443	-4.75	rs2071379	 3.14e-02	 -4.07	-1.4595	 95	  2	enet	0.01833	 2.39e-03	 1.43550	1.51e-01
./fusion_twas/WEIGHTS/Blood_LDL/BLMH_500kb.wgt.RDat	BLMH	17	28575218	28619074	0.0509	rs4794873	-3.20	rs8081325	 6.03e-02	  0.00	-0.2994	 73	  2	lasso	0.07105	 6.24e-09	 1.69045	9.09e-02
./fusion_twas/WEIGHTS/Blood_LDL/TMEM220_500kb.wgt.RDat	TMEM220	17	10602332	10633633	0.3617	rs11868948	 3.16	rs411511	 4.36e-01	-13.88	 1.3846	205	  4	enet	0.43772	 7.98e-58	-1.39905	1.62e-01
./fusion_twas/WEIGHTS/Blood_LDL/WDR81_500kb.wgt.RDat	WDR81	17	 1619817	 1641893	0.2957	rs16948748	-3.73	rs4274475	 1.55e-01	  8.34	 0.0877	183	  6	lasso	0.21808	 8.23e-26	-0.02578	9.79e-01
./fusion_twas/WEIGHTS/Blood_LDL/ARL16_500kb.wgt.RDat	ARL16	17	79648204	79650954	0.5036	rs7502521	-2.28	rs7502521	 4.27e-01	-13.71	-2.2812	 69	 23	enet	0.45742	 2.79e-61	 2.13523	3.27e-02
./fusion_twas/WEIGHTS/Blood_LDL/LIG3_500kb.wgt.RDat	LIG3	17	33307513	33332083	0.2327	rs1860278	-3.08	rs1003918	 1.97e-01	 -9.65	 1.3421	212	  5	lasso	0.20201	 7.88e-24	-1.44774	1.48e-01
./fusion_twas/WEIGHTS/Blood_LDL/TEN1_500kb.wgt.RDat	TEN1	17	73975301	73996667	0.1876	rs1106343	-3.31	rs2069528	 1.44e-01	 -8.17	-0.7121	121	  3	lasso	0.13951	 1.82e-16	 0.63604	5.25e-01
./fusion_twas/WEIGHTS/Blood_LDL/SH3GL1P3_500kb.wgt.RDat	SH3GL1P3	17	66130816	66131745	0.0410	rs16972881	 3.79	rs12449442	 3.65e-02	 -4.24	 3.0000	126	  2	lasso	0.03374	 5.54e-05	-2.93318	3.36e-03
./fusion_twas/WEIGHTS/Blood_LDL/SLFN5_500kb.wgt.RDat	SLFN5	17	33570055	33600674	0.3963	rs17638867	-2.62	rs12453075	 4.36e-01	  0.00	 1.9423	135	 24	enet	0.45546	 6.27e-61	 0.21788	8.28e-01
./fusion_twas/WEIGHTS/Blood_LDL/CCL5_500kb.wgt.RDat	CCL5	17	34198495	34207797	0.0443	rs17638867	-2.62	rs4239252	 3.55e-02	 -4.09	 0.1972	106	  3	lasso	0.03208	 8.30e-05	 0.02351	9.81e-01
./fusion_twas/WEIGHTS/Blood_LDL/INPP5K_500kb.wgt.RDat	INPP5K	17	 1397865	 1420182	0.1636	rs16948748	-3.73	rs17761155	 1.37e-01	 -7.77	 0.5189	199	  3	lasso	0.12514	 7.65e-15	-0.42082	6.74e-01
./fusion_twas/WEIGHTS/Blood_LDL/CANT1_500kb.wgt.RDat	CANT1	17	76987799	77005949	0.2133	rs8072885	-2.93	rs4789904	 1.59e-01	 -8.63	-0.1205	299	  4	lasso	0.20094	 1.06e-23	-0.53690	5.91e-01
./fusion_twas/WEIGHTS/Blood_LDL/TRIM65_500kb.wgt.RDat	TRIM65	17	73876416	73893084	0.1141	rs1106343	-3.31	rs3643	 2.07e-03	 -4.63	-0.3269	125	 15	enet	0.02736	 2.61e-04	 0.40324	6.87e-01
./fusion_twas/WEIGHTS/Blood_LDL/TSEN54_500kb.wgt.RDat	TSEN54	17	73512141	73520820	0.0955	rs1106343	-3.31	rs6501822	 5.17e-02	  5.16	-1.6778	118	 19	enet	0.03926	 1.45e-05	-1.48119	1.39e-01
./fusion_twas/WEIGHTS/Blood_LDL/SMARCD2_500kb.wgt.RDat	SMARCD2	17	61909444	61920425	0.0892	rs3760257	 3.70	rs1029765	 1.14e-01	  0.00	-1.2333	130	130	blup	0.13690	 3.61e-16	 1.39465	1.63e-01
./fusion_twas/WEIGHTS/Blood_LDL/FGF11_500kb.wgt.RDat	FGF11	17	 7341592	 7348256	0.0690	rs11650232	 5.67	rs17806045	 3.88e-03	  3.62	 0.5957	165	  5	lasso	0.02280	 7.96e-04	 0.45865	6.46e-01
./fusion_twas/WEIGHTS/Blood_LDL/MIR5047_500kb.wgt.RDat	MIR5047	17	62497332	62497431	0.3902	rs2008896	-2.19	rs1991401	 2.15e-01	 -9.75	-1.5556	 90	  2	lasso	0.21042	 7.31e-25	 1.56194	1.18e-01
./fusion_twas/WEIGHTS/Blood_LDL/SUPT4H1_500kb.wgt.RDat	SUPT4H1	17	56422539	56430454	0.0794	rs917606	-2.59	rs12452417	 8.81e-02	 -6.35	 0.7429	136	  6	enet	0.09066	 4.83e-11	-1.12619	2.60e-01
./fusion_twas/WEIGHTS/Blood_LDL/INCA1_500kb.wgt.RDat	INCA1	17	 4891425	 4900905	0.0967	rs377623	-2.98	rs1805460	 2.17e-04	 -3.61	-0.6597	184	 22	enet	0.03978	 1.28e-05	 0.60021	5.48e-01
./fusion_twas/WEIGHTS/Blood_LDL/MPRIP_500kb.wgt.RDat	MPRIP	17	16945859	17120993	0.1255	rs10521328	 2.46	rs11078371	 1.58e-01	  8.38	 1.4356	151	  3	lasso	0.13951	 1.82e-16	 1.33729	1.81e-01
./fusion_twas/WEIGHTS/Blood_LDL/ABCC3_500kb.wgt.RDat	ABCC3	17	48712138	48769613	0.5168	rs16970096	-2.69	rs3785912	 4.09e-01	-13.40	-1.2931	173	  4	lasso	0.47983	 2.30e-65	 1.62422	1.04e-01
./fusion_twas/WEIGHTS/Blood_LDL/PSMB3_500kb.wgt.RDat	PSMB3	17	36908989	36920484	0.0607	rs2075062	 3.10	rs8592	 1.35e-02	  3.93	 0.6604	133	133	prs	0.01948	 1.80e-03	 0.50785	6.12e-01
./fusion_twas/WEIGHTS/Blood_LDL/RPL7AP64_500kb.wgt.RDat	RPL7AP64	17	 7044249	 7044911	0.0922	rs11650232	 5.67	rs4796298	 6.87e-02	 -5.65	-0.8701	184	  4	lasso	0.07529	 2.19e-09	 0.47357	6.36e-01
./fusion_twas/WEIGHTS/Blood_LDL/RP11-78O7.2_500kb.wgt.RDat	RP11-78O7.2	17	19799903	19800600	0.0522	rs16960280	-1.42	rs6813	 5.28e-02	 -5.18	 0.8333	102	  2	lasso	0.04572	 3.03e-06	-0.83255	4.05e-01
./fusion_twas/WEIGHTS/Blood_LDL/BZRAP1_500kb.wgt.RDat	BZRAP1	17	56378592	56406152	0.0414	rs917606	-2.59	rs2586094	 4.93e-02	  0.00	-0.7660	149	  3	lasso	0.03905	 1.53e-05	 0.07071	9.44e-01
./fusion_twas/WEIGHTS/Blood_LDL/MIR22HG_500kb.wgt.RDat	MIR22HG	17	 1614805	 1620468	0.1094	rs16948748	-3.73	rs3809872	 4.05e-02	 -5.13	 0.0758	183	  4	lasso	0.04013	 1.17e-05	-0.12457	9.01e-01
./fusion_twas/WEIGHTS/Blood_LDL/MSL1_500kb.wgt.RDat	MSL1	17	38278551	38293042	0.1116	rs2245333	-2.62	rs2715554	 6.67e-02	 -5.96	 0.8488	103	  3	lasso	0.05293	 5.24e-07	-0.57698	5.64e-01
./fusion_twas/WEIGHTS/Blood_LDL/GRB2_500kb.wgt.RDat	GRB2	17	73314157	73401790	0.0354	rs1106343	-3.31	rs729405	 3.10e-02	 -4.44	 0.4737	123	123	prs	0.02793	 2.28e-04	-0.74594	4.56e-01
./fusion_twas/WEIGHTS/Blood_LDL/ACBD4_500kb.wgt.RDat	ACBD4	17	43209967	43221548	0.1262	rs11079382	-3.19	rs12944434	 9.07e-02	  6.77	 1.4054	104	104	blup	0.09357	 2.34e-11	 2.44360	1.45e-02
./fusion_twas/WEIGHTS/Blood_LDL/LRRC37A17P_500kb.wgt.RDat	LRRC37A17P	17	45055847	45131935	0.0668	rs7225700	-7.82	rs7216950	 9.83e-02	 -6.73	 0.0556	 90	  2	lasso	0.09054	 4.98e-11	-0.00818	9.93e-01
./fusion_twas/WEIGHTS/Blood_LDL/C17orf75_500kb.wgt.RDat	C17orf75	17	30651584	30677042	0.0682	rs1034593	 3.76	rs4794922	 7.50e-02	 -5.96	-0.8718	 93	  3	lasso	0.08459	 2.20e-10	 0.91906	3.58e-01
./fusion_twas/WEIGHTS/Blood_LDL/C17orf62_500kb.wgt.RDat	C17orf62	17	80400465	80408705	0.1253	rs3744165	-2.60	rs9898723	 6.11e-02	 -6.27	-0.0128	115	  5	lasso	0.07221	 4.70e-09	-0.32553	7.45e-01
./fusion_twas/WEIGHTS/Blood_LDL/RP11-1055B8.7_500kb.wgt.RDat	RP11-1055B8.7	17	79373540	79433357	0.0992	rs7502521	-2.28	rs7223219	-2.24e-03	  3.18	-0.1807	108	 20	enet	0.01975	 1.68e-03	 0.47155	6.37e-01
./fusion_twas/WEIGHTS/Blood_LDL/NT5C3B_500kb.wgt.RDat	NT5C3B	17	39981335	39992523	0.6142	rs7713	-2.89	rs4796715	 5.98e-01	 16.16	-1.0169	124	  7	lasso	0.61284	 5.90e-94	-1.39993	1.62e-01
./fusion_twas/WEIGHTS/Blood_LDL/TOP3A_500kb.wgt.RDat	TOP3A	17	18174742	18218321	0.0322	rs9909104	 2.65	rs4925159	 2.84e-02	 -3.94	-0.2432	 84	  2	lasso	0.01877	 2.14e-03	 0.17754	8.59e-01
./fusion_twas/WEIGHTS/Blood_LDL/AC012146.7_500kb.wgt.RDat	AC012146.7	17	 5014763	 5017674	0.0715	rs377623	-2.98	rs3887446	 6.45e-02	 -5.85	-0.1744	170	  4	lasso	0.05318	 4.94e-07	 0.46028	6.45e-01
./fusion_twas/WEIGHTS/Blood_LDL/TMEM99_500kb.wgt.RDat	TMEM99	17	38975358	38992522	0.0435	rs2245333	-2.62	rs1468260	-1.81e-03	 -3.52	 0.5472	121	121	prs	0.01719	 3.17e-03	 0.69151	4.89e-01
./fusion_twas/WEIGHTS/Blood_LDL/C17orf103_500kb.wgt.RDat	C17orf103	17	21142183	21156722	0.0727	rs4405604	 2.80	rs12602921	 8.07e-02	 -6.06	-0.7333	 76	  5	enet	0.08041	 6.19e-10	 0.43885	6.61e-01
./fusion_twas/WEIGHTS/Blood_LDL/CASC3_500kb.wgt.RDat	CASC3	17	38296571	38328436	0.0729	rs2245333	-2.62	rs2071570	-1.20e-03	  3.34	-0.0959	106	106	prs	0.02477	 4.92e-04	-2.09759	3.59e-02
./fusion_twas/WEIGHTS/Blood_LDL/DDX5_500kb.wgt.RDat	DDX5	17	62495734	62504317	0.1391	rs2008896	-2.19	rs1991401	 1.18e-01	 -7.34	-1.5556	 90	  1	lasso	0.11743	 5.55e-14	 1.55556	1.20e-01
./fusion_twas/WEIGHTS/Blood_LDL/DBF4B_500kb.wgt.RDat	DBF4B	17	42785976	42829632	0.2915	rs11079382	-3.19	rs16970944	 2.69e-01	-10.87	-1.0833	139	  3	lasso	0.26363	 1.19e-31	 1.05774	2.90e-01
./fusion_twas/WEIGHTS/Blood_LDL/NAGLU_500kb.wgt.RDat	NAGLU	17	40688190	40696467	0.0916	rs9907126	-4.10	rs7220074	 3.70e-02	 -5.08	 0.2261	 80	 80	prs	0.05337	 4.71e-07	-3.68984	2.24e-04
./fusion_twas/WEIGHTS/Blood_LDL/CNTROB_500kb.wgt.RDat	CNTROB	17	 7835419	 7853236	0.1183	rs4791641	 5.46	rs4791443	 1.57e-01	 -8.39	 0.4808	193	  2	lasso	0.15164	 7.43e-18	-0.48253	6.29e-01
./fusion_twas/WEIGHTS/Blood_LDL/CARD14_500kb.wgt.RDat	CARD14	17	78143791	78183130	0.3408	rs8068433	-3.02	rs9915263	 2.33e-01	  0.00	 0.2794	179	 33	enet	0.26009	 3.47e-31	 0.54271	5.87e-01
./fusion_twas/WEIGHTS/Blood_LDL/C17orf67_500kb.wgt.RDat	C17orf67	17	54869274	54916134	0.2500	rs9652853	-2.33	rs10515134	 1.03e-01	  6.78	-1.6990	206	  6	lasso	0.10080	 3.79e-12	-1.77928	7.52e-02
./fusion_twas/WEIGHTS/Blood_LDL/GNA13_500kb.wgt.RDat	GNA13	17	63006833	63052957	0.1380	rs17651039	-2.08	rs12944877	 1.35e-01	 -7.76	 1.0667	121	  4	lasso	0.13540	 5.33e-16	-0.86771	3.86e-01
./fusion_twas/WEIGHTS/Blood_LDL/MLX_500kb.wgt.RDat	MLX	17	40719086	40725257	0.0321	rs9907126	-4.10	rs1905339	 5.16e-03	  3.84	 2.2963	 78	 78	prs	0.00865	 2.75e-02	 2.07166	3.83e-02
./fusion_twas/WEIGHTS/Blood_LDL/FN3KRP_500kb.wgt.RDat	FN3KRP	17	80674559	80688204	0.4604	rs7405957	-4.29	rs2243523	 3.20e-01	 11.88	-2.0000	129	 15	enet	0.42247	 3.13e-55	-1.22949	2.19e-01
./fusion_twas/WEIGHTS/Blood_LDL/CCDC57_500kb.wgt.RDat	CCDC57	17	80059336	80170706	0.2975	rs11653735	 2.49	rs4789698	 2.89e-01	 11.27	-1.2963	 83	 12	enet	0.29180	 1.92e-35	-1.26162	2.07e-01
./fusion_twas/WEIGHTS/Blood_LDL/CRLF3_500kb.wgt.RDat	CRLF3	17	29096406	29151794	0.0408	rs2953013	-4.45	rs8082537	 5.49e-02	 -5.44	-3.1125	 74	  3	lasso	0.05324	 4.86e-07	 3.07673	2.09e-03
./fusion_twas/WEIGHTS/Blood_LDL/CRHR1-IT1_500kb.wgt.RDat	CRHR1-IT1	17	43697694	43725582	0.1785	rs11574836	-2.50	rs7207047	 3.65e-01	  0.00	-0.6579	 34	 34	prs	0.36598	 3.50e-46	-0.12185	9.03e-01
./fusion_twas/WEIGHTS/Blood_LDL/ELP5_500kb.wgt.RDat	ELP5	17	 7154735	 7163259	0.2499	rs11650232	 5.67	rs222843	 3.96e-01	 13.23	 2.4909	165	  4	lasso	0.40402	 3.50e-52	 2.59048	9.58e-03
./fusion_twas/WEIGHTS/Blood_LDL/CTC-297N7.8_500kb.wgt.RDat	CTC-297N7.8	17	10575791	10579323	0.2378	rs11868948	 3.16	rs2662959	 2.04e-01	  9.66	 1.4727	208	  3	lasso	0.19517	 5.35e-23	 1.48883	1.37e-01
./fusion_twas/WEIGHTS/Blood_LDL/LINC00854_500kb.wgt.RDat	LINC00854	17	41368960	41383338	0.0319	rs732508	 2.97	rs799923	 1.32e-02	  3.85	 1.9219	102	102	prs	0.02249	 8.60e-04	 1.30982	1.90e-01
./fusion_twas/WEIGHTS/Blood_LDL/ASGR2_500kb.wgt.RDat	ASGR2	17	 7004641	 7019019	0.3520	rs11650232	 5.67	rs314239	 2.06e-01	  9.89	 0.7049	188	  8	enet	0.27849	 1.24e-33	 0.27103	7.86e-01
./fusion_twas/WEIGHTS/Blood_LDL/KANSL1_500kb.wgt.RDat	KANSL1	17	44107282	44302733	0.2546	rs7224296	 2.28	rs4792886	 8.28e-02	  0.00	 1.4167	  8	  2	enet	0.24767	 1.45e-29	 1.65620	9.77e-02
./fusion_twas/WEIGHTS/Blood_LDL/ADPRM_500kb.wgt.RDat	ADPRM	17	10600911	10614550	0.1113	rs11868948	 3.16	rs411511	 9.32e-02	 -6.68	 1.3846	198	  2	lasso	0.09065	 4.85e-11	-1.38443	1.66e-01
./fusion_twas/WEIGHTS/Blood_LDL/LRRC45_500kb.wgt.RDat	LRRC45	17	79981178	79989027	0.0855	rs11653735	 2.49	rs7405640	 3.96e-02	 -4.70	 2.0615	 58	  3	lasso	0.02522	 4.41e-04	-2.21252	2.69e-02
./fusion_twas/WEIGHTS/Blood_LDL/DHRS11_500kb.wgt.RDat	DHRS11	17	34948228	34957235	0.1336	rs2306589	 3.08	rs9906189	 1.03e-01	  6.93	 1.8077	131	  2	lasso	0.08518	 1.89e-10	 1.91054	5.61e-02
./fusion_twas/WEIGHTS/Blood_LDL/PITPNA_500kb.wgt.RDat	PITPNA	17	 1421012	 1466110	0.2662	rs16948748	-3.73	rs10521113	 1.88e-01	  9.27	 0.8765	202	  2	lasso	0.18202	 2.04e-21	 0.89685	3.70e-01
./fusion_twas/WEIGHTS/Blood_LDL/CHRNB1_500kb.wgt.RDat	CHRNB1	17	 7348380	 7361026	0.0490	rs11650232	 5.67	rs7215922	 2.94e-02	  4.57	 0.2459	168	  5	lasso	0.03657	 2.78e-05	 0.07345	9.41e-01
./fusion_twas/WEIGHTS/Blood_LDL/MYO1C_500kb.wgt.RDat	MYO1C	17	 1367392	 1396106	0.0745	rs16948748	-3.73	rs13353187	-9.25e-05	  0.00	-1.3689	195	195	prs	0.01921	 1.93e-03	 0.56452	5.72e-01
./fusion_twas/WEIGHTS/Blood_LDL/CBX4_500kb.wgt.RDat	CBX4	17	77806955	77813228	0.0756	rs8068433	-3.02	rs3169601	 4.00e-03	  3.72	 0.1045	192	  4	lasso	0.01485	 5.69e-03	-0.48949	6.24e-01
./fusion_twas/WEIGHTS/Blood_LDL/NUFIP2_500kb.wgt.RDat	NUFIP2	17	27582854	27621136	0.0269	rs9895443	-4.75	rs4795512	 7.64e-03	 -3.60	-0.0652	 92	 92	prs	0.01685	 3.45e-03	 0.95864	3.38e-01
./fusion_twas/WEIGHTS/Blood_LDL/PLXDC1_500kb.wgt.RDat	PLXDC1	17	37219556	37310647	0.2170	rs2075062	 3.10	rs8080886	 1.33e-01	  0.00	-0.0500	132	 21	enet	0.19329	 9.03e-23	-1.05326	2.92e-01
./fusion_twas/WEIGHTS/Blood_LDL/MFSD11_500kb.wgt.RDat	MFSD11	17	74731947	74777531	0.0798	rs8067774	 2.66	rs685441	 9.25e-03	 -3.81	-1.1967	226	 12	enet	0.02472	 4.97e-04	 1.95261	5.09e-02
./fusion_twas/WEIGHTS/Blood_LDL/DHX8_500kb.wgt.RDat	DHX8	17	41561233	41621831	0.0452	rs732508	 2.97	rs1728171	 8.33e-03	  4.13	-0.8101	122	  9	enet	0.02630	 3.38e-04	-0.82046	4.12e-01
./fusion_twas/WEIGHTS/Blood_LDL/SUZ12P_500kb.wgt.RDat	SUZ12P	17	29036317	29117926	0.1257	rs2953013	-4.45	rs140701	 1.74e-01	  0.00	-0.2075	 78	  8	enet	0.16626	 1.49e-19	 2.26221	2.37e-02
./fusion_twas/WEIGHTS/Blood_LDL/RECQL5_500kb.wgt.RDat	RECQL5	17	73622925	73663269	0.0858	rs1106343	-3.31	rs3862481	 2.60e-03	 -3.26	-2.1154	109	 18	enet	0.03534	 3.75e-05	 2.37134	1.77e-02
./fusion_twas/WEIGHTS/Blood_LDL/NPEPPS_500kb.wgt.RDat	NPEPPS	17	45600308	45700642	0.1249	rs7225700	-7.82	rs7502875	 8.65e-02	  6.62	-1.0312	130	  5	lasso	0.08283	 3.40e-10	-1.47100	1.41e-01
./fusion_twas/WEIGHTS/Blood_LDL/STRADA_500kb.wgt.RDat	STRADA	17	61780192	61819330	0.0293	rs3760257	 3.70	rs6504182	 2.68e-02	  4.40	-1.8448	126	126	prs	0.02222	 9.18e-04	-1.54407	1.23e-01
