FILE	ID	CHR	P0	P1	HSQ	BEST.GWAS.ID	BEST.GWAS.Z	EQTL.ID	EQTL.R2	EQTL.Z	EQTL.GWAS.Z	NSNP	NWGT	MODEL	MODELCV.R2	MODELCV.PV	TWAS.Z	TWAS.P
./fusion_twas/WEIGHTS/Blood_LDL/GSK3A_500kb.wgt.RDat	GSK3A	19	42734338	42746777	0.0318	rs8107107	 -2.49	rs10425443	 1.54e-02	  0.00	-0.6727	 61	 61	blup	0.02754	 2.50e-04	 -0.77081	4.41e-01
./fusion_twas/WEIGHTS/Blood_LDL/NAPSB_500kb.wgt.RDat	NAPSB	19	50837053	50848024	0.5807	rs957738	 -3.02	rs1274517	 3.86e-01	-13.04	-0.5000	167	 31	enet	0.56389	 1.97e-82	  0.53669	5.91e-01
./fusion_twas/WEIGHTS/Blood_LDL/RP11-15H20.6_500kb.wgt.RDat	RP11-15H20.6	19	23442708	23457053	0.0546	rs11670477	  2.69	rs7254300	 2.58e-02	  4.38	 0.2642	 67	  2	enet	0.03097	 1.08e-04	  0.29461	7.68e-01
./fusion_twas/WEIGHTS/Blood_LDL/ZNF568_500kb.wgt.RDat	ZNF568	19	37407231	37489602	0.0261	rs2385655	 -1.69	rs2385797	 1.54e-02	  0.00	 0.1000	 87	  6	enet	0.01883	 2.12e-03	 -0.74081	4.59e-01
./fusion_twas/WEIGHTS/Blood_LDL/ZNF525_500kb.wgt.RDat	ZNF525	19	53868946	53895470	0.1548	rs3960965	  2.55	rs4801980	 1.28e-01	 -7.65	-0.0345	197	  3	lasso	0.12320	 1.26e-14	  0.03778	9.70e-01
./fusion_twas/WEIGHTS/Blood_LDL/CLEC17A_500kb.wgt.RDat	CLEC17A	19	14693896	14721969	0.0614	rs4808659	 -2.59	rs8104030	 6.57e-03	 -3.86	 2.0172	181	181	prs	0.01488	 5.65e-03	 -1.81751	6.91e-02
./fusion_twas/WEIGHTS/Blood_LDL/ZNF714_500kb.wgt.RDat	ZNF714	19	21264965	21308073	0.0499	rs7253306	  2.76	rs12609167	 2.11e-02	  4.71	 1.1739	 86	 12	enet	0.02667	 3.09e-04	 -0.20852	8.35e-01
./fusion_twas/WEIGHTS/Blood_LDL/ZNF257_500kb.wgt.RDat	ZNF257	19	22235254	22274282	0.3195	rs2015481	  2.47	rs3813591	 2.21e-01	 10.18	-0.7222	 97	 17	enet	0.33644	 9.18e-42	 -1.15446	2.48e-01
./fusion_twas/WEIGHTS/Blood_LDL/ACTN4_500kb.wgt.RDat	ACTN4	19	39138289	39222223	0.0428	rs12151188	 -2.20	rs979971	 3.17e-02	  4.28	-0.7115	138	  3	lasso	0.02736	 2.62e-04	 -0.51437	6.07e-01
./fusion_twas/WEIGHTS/Blood_LDL/LILRA5_500kb.wgt.RDat	LILRA5	19	54818353	54824409	0.1238	rs730592	  2.67	rs1645784	 7.17e-02	 -5.79	-0.9060	170	 33	enet	0.09332	 2.49e-11	  0.50277	6.15e-01
./fusion_twas/WEIGHTS/Blood_LDL/KCNN4_500kb.wgt.RDat	KCNN4	19	44270685	44285409	0.3883	rs16978840	 -3.30	rs3760982	 3.29e-01	 12.06	-1.0385	171	  5	lasso	0.36578	 3.75e-46	 -1.27680	2.02e-01
./fusion_twas/WEIGHTS/Blood_LDL/EMC10_500kb.wgt.RDat	EMC10	19	50979657	50986608	0.0827	rs957738	 -3.02	rs1298062	 4.81e-02	 -5.12	 0.5789	185	  2	lasso	0.04631	 2.62e-06	 -0.68216	4.95e-01
./fusion_twas/WEIGHTS/Blood_LDL/ZFP30_500kb.wgt.RDat	ZFP30	19	38104650	38183238	0.2501	rs705503	  2.07	rs2927743	 2.60e-01	-10.70	-0.4054	 95	  3	lasso	0.27072	 1.36e-32	  0.42679	6.70e-01
./fusion_twas/WEIGHTS/Blood_LDL/LILRA2_500kb.wgt.RDat	LILRA2	19	55084387	55099027	0.1836	rs730592	  2.67	rs4806495	 1.29e-01	  0.00	-0.1197	196	  5	lasso	0.17351	 2.09e-20	  0.58626	5.58e-01
./fusion_twas/WEIGHTS/Blood_LDL/ZNF429_500kb.wgt.RDat	ZNF429	19	21679484	21739072	0.4179	rs2195453	  2.48	rs8112960	 3.56e-01	-12.58	-0.5926	 86	  3	lasso	0.45259	 2.02e-60	  0.65552	5.12e-01
./fusion_twas/WEIGHTS/Blood_LDL/ZNF558_500kb.wgt.RDat	ZNF558	19	 8920380	 8943004	0.0901	rs4435373	  2.43	rs2918294	 6.28e-02	 -5.57	-0.4500	150	  3	lasso	0.05711	 1.90e-07	  0.54119	5.88e-01
./fusion_twas/WEIGHTS/Blood_LDL/AC005306.3_500kb.wgt.RDat	AC005306.3	19	 1989400	 1990369	0.1145	rs2864419	 -2.44	rs7254820	 8.93e-02	  6.33	-0.5161	118	  2	lasso	0.09854	 6.71e-12	 -0.64748	5.17e-01
./fusion_twas/WEIGHTS/Blood_LDL/CTB-5E10.3_500kb.wgt.RDat	CTB-5E10.3	19	13882932	13884932	0.1305	rs503084	  2.75	rs1044733	 7.09e-03	 -4.12	 1.2742	110	110	blup	0.05010	 1.04e-06	 -1.54424	1.23e-01
./fusion_twas/WEIGHTS/Blood_LDL/MAP2K2_500kb.wgt.RDat	MAP2K2	19	 4090319	 4124126	0.0861	rs892161	  3.26	rs4525614	 3.76e-02	  5.08	-1.2207	153	 11	enet	0.08978	 6.03e-11	 -0.45516	6.49e-01
./fusion_twas/WEIGHTS/Blood_LDL/EGLN2_500kb.wgt.RDat	EGLN2	19	41304901	41314338	0.1665	rs2279011	 -4.13	rs2279011	 5.51e-02	 -5.42	-4.1316	148	148	prs	0.07741	 1.30e-09	  1.17712	2.39e-01
./fusion_twas/WEIGHTS/Blood_LDL/ZNF582-AS1_500kb.wgt.RDat	ZNF582-AS1	19	56905025	56910541	0.1847	rs2288856	  2.80	rs8112935	 1.27e-01	  8.22	 0.5000	244	 11	enet	0.15998	 8.05e-19	  0.70978	4.78e-01
./fusion_twas/WEIGHTS/Blood_LDL/GPX4_500kb.wgt.RDat	GPX4	19	 1103936	 1106787	0.2200	rs10853952	 -2.89	rs757228	 8.21e-02	  6.96	 1.3818	116	 18	enet	0.20154	 9.00e-24	  0.20245	8.40e-01
./fusion_twas/WEIGHTS/Blood_LDL/SHKBP1_500kb.wgt.RDat	SHKBP1	19	41082757	41097305	0.2378	rs2279011	 -4.13	rs393569	 1.61e-01	 -8.57	 0.2909	134	 17	enet	0.21194	 4.75e-25	  0.16564	8.68e-01
./fusion_twas/WEIGHTS/Blood_LDL/HNRNPUL1_500kb.wgt.RDat	HNRNPUL1	19	41768401	41813503	0.0648	rs2279011	 -4.13	rs1946612	 1.34e-02	  4.36	-0.4407	150	150	prs	0.02256	 8.46e-04	 -0.69350	4.88e-01
./fusion_twas/WEIGHTS/Blood_LDL/ZNF66_500kb.wgt.RDat	ZNF66	19	20959110	20991922	0.0490	rs7253306	  2.76	rs12462067	 1.28e-02	  0.00	-0.4085	 73	 73	prs	0.03299	 6.64e-05	  2.15769	3.10e-02
./fusion_twas/WEIGHTS/Blood_LDL/ZNF611_500kb.wgt.RDat	ZNF611	19	53206066	53238326	0.0831	rs8112051	  2.31	rs4801931	 5.20e-02	 -5.65	 0.0513	183	  3	lasso	0.05507	 3.11e-07	 -0.69701	4.86e-01
./fusion_twas/WEIGHTS/Blood_LDL/IL12RB1_500kb.wgt.RDat	IL12RB1	19	18169805	18209754	0.2877	rs1075403	  3.58	rs2305743	 2.74e-01	-10.98	 1.1364	173	  3	lasso	0.34034	 2.46e-42	  0.00693	9.94e-01
./fusion_twas/WEIGHTS/Blood_LDL/CTC-241F20.3_500kb.wgt.RDat	CTC-241F20.3	19	48758932	48761456	0.3678	rs516246	  7.46	rs16981882	 3.46e-01	-12.33	 1.0294	203	  3	lasso	0.34355	 8.25e-43	 -0.99447	3.20e-01
./fusion_twas/WEIGHTS/Blood_LDL/CEACAM3_500kb.wgt.RDat	CEACAM3	19	42300369	42315591	0.0677	rs2241718	  3.48	rs7251154	 6.03e-02	  5.91	 1.3571	 98	  7	enet	0.06487	 2.85e-08	  1.38011	1.68e-01
./fusion_twas/WEIGHTS/Blood_LDL/DNAJB1_500kb.wgt.RDat	DNAJB1	19	14625582	14640582	0.0925	rs4808659	 -2.59	rs8104440	 1.66e-02	  4.07	 0.5733	174	 14	enet	0.05518	 3.03e-07	 -0.50090	6.16e-01
./fusion_twas/WEIGHTS/Blood_LDL/ZNF155_500kb.wgt.RDat	ZNF155	19	44472014	44502477	0.4789	rs926054	 -8.22	rs383133	 1.70e-01	 -9.28	-1.6866	187	 42	enet	0.35083	 6.83e-44	  0.37770	7.06e-01
./fusion_twas/WEIGHTS/Blood_LDL/COL5A3_500kb.wgt.RDat	COL5A3	19	10070237	10121147	0.7380	rs2287802	  4.22	rs2303099	 5.17e-01	-15.06	-0.6667	128	 18	enet	0.61388	 3.24e-94	 -0.18121	8.56e-01
./fusion_twas/WEIGHTS/Blood_LDL/ELOF1_500kb.wgt.RDat	ELOF1	19	11661962	11670051	0.1061	rs8099996	-15.10	rs8606	 4.98e-02	  4.84	 0.1954	132	  8	enet	0.06079	 7.71e-08	  0.10385	9.17e-01
./fusion_twas/WEIGHTS/Blood_LDL/ZNF584_500kb.wgt.RDat	ZNF584	19	58912871	58929694	0.1969	rs12462540	 -3.11	rs3764532	 1.13e-01	 -7.28	-0.4603	115	  3	lasso	0.10674	 8.46e-13	  0.39958	6.89e-01
./fusion_twas/WEIGHTS/Blood_LDL/EMR2_500kb.wgt.RDat	EMR2	19	14843205	14889353	0.1424	rs1044009	 -2.65	rs9305048	 9.18e-02	  6.54	-0.1636	192	 14	enet	0.09237	 3.15e-11	  0.06632	9.47e-01
./fusion_twas/WEIGHTS/Blood_LDL/ILF3-AS1_500kb.wgt.RDat	ILF3-AS1	19	10762538	10764520	0.0717	rs8099996	-15.10	rs11673064	 2.13e-03	  3.47	 1.6196	128	 21	enet	0.01692	 3.40e-03	  5.05161	4.38e-07
./fusion_twas/WEIGHTS/Blood_LDL/ZNF763_500kb.wgt.RDat	ZNF763	19	12035890	12090105	0.1725	rs279210	  2.47	rs279260	 1.27e-01	 -7.60	 0.7456	104	  2	lasso	0.12360	 1.14e-14	 -0.44552	6.56e-01
./fusion_twas/WEIGHTS/Blood_LDL/CNN2_500kb.wgt.RDat	CNN2	19	 1026298	 1039068	0.1292	rs10853952	 -2.89	rs7247087	 3.23e-02	  3.93	 0.6456	115	115	blup	0.04458	 3.99e-06	  1.82427	6.81e-02
./fusion_twas/WEIGHTS/Blood_LDL/MED16_500kb.wgt.RDat	MED16	19	  867962	  893218	0.3675	rs10853952	 -2.89	rs1651895	 2.51e-01	 10.52	-0.0820	128	 24	enet	0.30831	 9.84e-38	  0.59490	5.52e-01
./fusion_twas/WEIGHTS/Blood_LDL/USF2_500kb.wgt.RDat	USF2	19	35759881	35770724	0.0697	rs1633921	 -3.62	rs11669734	 2.34e-02	  4.34	 1.4375	217	  3	lasso	0.02236	 8.87e-04	  1.30560	1.92e-01
./fusion_twas/WEIGHTS/Blood_LDL/GMIP_500kb.wgt.RDat	GMIP	19	19740285	19754476	0.1407	rs10500212	-13.66	rs964132	 5.85e-02	  0.00	 1.5764	124	  2	lasso	0.09235	 3.17e-11	  1.88521	5.94e-02
./fusion_twas/WEIGHTS/Blood_LDL/ZNF100_500kb.wgt.RDat	ZNF100	19	21905568	21950430	0.7460	rs2015481	  2.47	rs625775	 6.60e-01	  0.00	-1.9219	 83	  2	lasso	0.67867	5.49e-112	  0.49803	6.18e-01
./fusion_twas/WEIGHTS/Blood_LDL/FCGBP_500kb.wgt.RDat	FCGBP	19	40353963	40440533	0.6223	rs10424351	  3.87	rs10853730	 3.31e-01	 12.13	-0.1125	133	 31	enet	0.42265	 2.93e-55	 -0.18801	8.51e-01
./fusion_twas/WEIGHTS/Blood_LDL/TNPO2_500kb.wgt.RDat	TNPO2	19	12810008	12834825	0.0480	rs7259253	  3.78	rs17638937	 1.25e-02	 -3.95	 0.2095	 92	 92	prs	0.02247	 8.62e-04	 -1.04483	2.96e-01
./fusion_twas/WEIGHTS/Blood_LDL/OSCAR_500kb.wgt.RDat	OSCAR	19	54597933	54606000	0.3168	rs730592	  2.67	rs10500316	 2.97e-01	 11.48	 1.8250	171	 16	enet	0.33567	 1.19e-41	  0.97297	3.31e-01
./fusion_twas/WEIGHTS/Blood_LDL/CTD-3018O17.3_500kb.wgt.RDat	CTD-3018O17.3	19	52892095	52901019	0.4719	rs9973239	 -3.52	rs324119	 3.12e-01	 11.75	 0.4222	181	  6	lasso	0.35938	 3.54e-45	  0.39208	6.95e-01
./fusion_twas/WEIGHTS/Blood_LDL/ZFP28_500kb.wgt.RDat	ZFP28	19	57050317	57068169	0.3332	rs2288856	  2.80	rs145011	 2.79e-01	-11.32	 2.4310	232	  8	lasso	0.36718	 2.29e-46	 -2.16679	3.03e-02
./fusion_twas/WEIGHTS/Blood_LDL/EVI5L_500kb.wgt.RDat	EVI5L	19	 7895119	 7929862	0.1118	rs10906990	  2.64	rs1651016	 1.52e-02	 -4.15	 1.9836	176	 18	enet	0.04587	 2.92e-06	 -2.36757	1.79e-02
./fusion_twas/WEIGHTS/Blood_LDL/ZNF681_500kb.wgt.RDat	ZNF681	19	23921997	23941693	0.2635	rs11672619	  2.34	rs4313914	 2.14e-02	 -5.30	-0.5882	 77	 24	enet	0.14788	 2.01e-17	  0.43706	6.62e-01
./fusion_twas/WEIGHTS/Blood_LDL/TPM3P9_500kb.wgt.RDat	TPM3P9	19	53935237	53947923	0.5281	rs3960965	  2.55	rs7246687	 2.22e-01	 10.46	 2.1111	189	 37	enet	0.40618	 1.55e-52	  0.80171	4.23e-01
./fusion_twas/WEIGHTS/Blood_LDL/ZIK1_500kb.wgt.RDat	ZIK1	19	58089824	58105145	0.0921	rs726260	  2.83	rs10405036	 1.08e-01	 -7.02	 0.7241	194	 11	lasso	0.10557	 1.14e-12	 -0.90404	3.66e-01
./fusion_twas/WEIGHTS/Blood_LDL/GCDH_500kb.wgt.RDat	GCDH	19	13001840	13025021	0.0676	rs7259253	  3.78	rs2974755	 1.81e-02	  4.40	-0.0862	111	111	prs	0.02876	 1.86e-04	 -1.00220	3.16e-01
./fusion_twas/WEIGHTS/Blood_LDL/ZNF132_500kb.wgt.RDat	ZNF132	19	58944181	58951589	0.4040	rs12462540	 -3.11	rs10423138	 3.65e-01	-12.68	 0.2069	110	 21	enet	0.38043	 2.03e-48	 -0.05416	9.57e-01
./fusion_twas/WEIGHTS/Blood_LDL/DNASE2_500kb.wgt.RDat	DNASE2	19	12986025	12992282	0.1141	rs7259253	  3.78	rs7251196	 9.12e-02	 -6.73	 2.1129	113	  1	lasso	0.08736	 1.10e-10	 -2.11290	3.46e-02
./fusion_twas/WEIGHTS/Blood_LDL/FPR1_500kb.wgt.RDat	FPR1	19	52248425	52307363	0.1251	rs9973239	 -3.52	rs4802859	 1.11e-01	 -7.08	 0.8871	273	  3	lasso	0.10639	 9.24e-13	 -0.53493	5.93e-01
./fusion_twas/WEIGHTS/Blood_LDL/NUDT19_500kb.wgt.RDat	NUDT19	19	33182867	33204702	0.0760	rs889104	 -2.64	rs3892630	 1.16e-02	 -4.19	-2.3108	142	142	blup	0.01253	 1.02e-02	 -0.94442	3.45e-01
./fusion_twas/WEIGHTS/Blood_LDL/ZNF677_500kb.wgt.RDat	ZNF677	19	53731577	53758151	0.2029	rs3960965	  2.55	rs16984664	 1.98e-01	 -9.63	 0.6769	195	 26	enet	0.19661	 3.58e-23	 -0.91265	3.61e-01
./fusion_twas/WEIGHTS/Blood_LDL/ELL_500kb.wgt.RDat	ELL	19	18553473	18632937	0.0563	rs1075403	  3.58	rs731945	 1.33e-03	 -3.77	-1.3898	146	146	prs	0.01551	 4.82e-03	 -0.18221	8.55e-01
./fusion_twas/WEIGHTS/Blood_LDL/MARK4_500kb.wgt.RDat	MARK4	19	45582546	45808541	0.1069	rs1531517	-27.52	rs344807	 9.27e-02	  6.51	-2.0182	160	  1	lasso	0.08443	 2.28e-10	 -2.01818	4.36e-02
./fusion_twas/WEIGHTS/Blood_LDL/CTD-2619J13.14_500kb.wgt.RDat	CTD-2619J13.14	19	58915605	58919851	0.0776	rs12462540	 -3.11	rs10423138	 7.15e-02	  5.74	 0.2069	115	  4	lasso	0.06802	 1.31e-08	  0.17393	8.62e-01
./fusion_twas/WEIGHTS/Blood_LDL/ZNF223_500kb.wgt.RDat	ZNF223	19	44555520	44572144	0.0768	rs17800789	 -9.64	rs7255512	 3.12e-02	  5.00	 1.4630	201	  4	lasso	0.03733	 2.32e-05	  1.27029	2.04e-01
./fusion_twas/WEIGHTS/Blood_LDL/ZNF530_500kb.wgt.RDat	ZNF530	19	58111253	58124090	0.0624	rs726260	  2.83	rs3746217	 1.94e-02	 -4.29	 1.6849	191	  4	lasso	0.02402	 5.91e-04	 -1.30700	1.91e-01
./fusion_twas/WEIGHTS/Blood_LDL/LILRA1_500kb.wgt.RDat	LILRA1	19	55105047	55113555	0.1621	rs730592	  2.67	rs2555687	 1.10e-01	 -7.07	-0.5604	195	195	prs	0.12339	 1.20e-14	  2.13594	3.27e-02
./fusion_twas/WEIGHTS/Blood_LDL/ZNF528_500kb.wgt.RDat	ZNF528	19	52901102	52921665	0.3276	rs9973239	 -3.52	rs2290745	 2.72e-01	-10.96	 1.2576	181	 22	enet	0.28495	 1.66e-34	 -1.13317	2.57e-01
./fusion_twas/WEIGHTS/Blood_LDL/PLA2G4C_500kb.wgt.RDat	PLA2G4C	19	48551100	48614074	0.4933	rs1236093	  2.96	rs3730913	 2.18e-01	 10.37	 1.2174	207	  5	lasso	0.43694	 1.09e-57	  0.29907	7.65e-01
./fusion_twas/WEIGHTS/Blood_LDL/MYO1F_500kb.wgt.RDat	MYO1F	19	 8585674	 8642461	0.0822	rs4435373	  2.43	rs11882393	-1.76e-03	  3.33	-0.8506	164	164	prs	0.02306	 7.47e-04	 -1.99985	4.55e-02
./fusion_twas/WEIGHTS/Blood_LDL/TYK2_500kb.wgt.RDat	TYK2	19	10461209	10491352	0.1110	rs2278444	-12.80	rs12982179	 7.44e-03	  3.85	 0.2759	137	137	prs	0.02895	 1.78e-04	  3.32102	8.97e-04
./fusion_twas/WEIGHTS/Blood_LDL/FCHO1_500kb.wgt.RDat	FCHO1	19	17858527	17899377	0.1798	rs1075403	  3.58	rs2287855	 1.07e-01	 -7.48	-0.0375	182	  7	enet	0.15840	 1.23e-18	 -0.96799	3.33e-01
./fusion_twas/WEIGHTS/Blood_LDL/ZNF146_500kb.wgt.RDat	ZNF146	19	36705504	36729676	0.0755	rs12460721	  2.41	rs8111845	 5.64e-02	 -5.38	-1.3158	117	  3	lasso	0.05146	 7.50e-07	  0.67134	5.02e-01
./fusion_twas/WEIGHTS/Blood_LDL/BAX_500kb.wgt.RDat	BAX	19	49458072	49465055	0.1759	rs516246	  7.46	rs1805419	 8.82e-02	  6.35	 1.1094	153	  7	enet	0.11237	 2.02e-13	  1.26108	2.07e-01
./fusion_twas/WEIGHTS/Blood_LDL/CEP89_500kb.wgt.RDat	CEP89	19	33369902	33462897	0.0573	rs1423056	 -2.95	rs7253415	 1.71e-02	 -4.34	-1.8077	176	176	prs	0.02844	 2.01e-04	  1.38569	1.66e-01
./fusion_twas/WEIGHTS/Blood_LDL/CEBPA_500kb.wgt.RDat	CEBPA	19	33790840	33793470	0.0634	rs1423056	 -2.95	rs11084724	-3.92e-05	 -3.14	-0.5139	212	212	prs	0.01775	 2.76e-03	 -0.48547	6.27e-01
./fusion_twas/WEIGHTS/Blood_LDL/SMARCA4_500kb.wgt.RDat	SMARCA4	19	11071598	11176071	0.0688	rs8099996	-15.10	rs4804164	-5.89e-05	  3.61	 1.3673	148	148	prs	0.02093	 1.26e-03	 10.80324	3.32e-27
./fusion_twas/WEIGHTS/Blood_LDL/B3GNT8_500kb.wgt.RDat	B3GNT8	19	41931264	41934635	0.0640	rs2241718	  3.48	rs4609955	 4.37e-02	  0.00	 1.6769	134	  1	lasso	0.03807	 1.94e-05	  0.37500	7.08e-01
./fusion_twas/WEIGHTS/Blood_LDL/ZNF701_500kb.wgt.RDat	ZNF701	19	53059075	53090427	0.0689	rs8112051	  2.31	rs1012531	 3.10e-02	 -4.82	 0.2727	174	  5	enet	0.05184	 6.83e-07	 -0.59060	5.55e-01
./fusion_twas/WEIGHTS/Blood_LDL/ZNF347_500kb.wgt.RDat	ZNF347	19	53627325	53662328	0.1420	rs3960965	  2.55	rs423403	 2.54e-02	  0.00	 0.1277	196	196	prs	0.07641	 1.67e-09	 -0.50258	6.15e-01
./fusion_twas/WEIGHTS/Blood_LDL/RAB4B_500kb.wgt.RDat	RAB4B	19	41284121	41302847	0.0680	rs2279011	 -4.13	rs7937	 4.95e-02	  5.36	-1.8113	146	  4	lasso	0.03886	 1.60e-05	 -2.62772	8.60e-03
./fusion_twas/WEIGHTS/Blood_LDL/ZNF780A_500kb.wgt.RDat	ZNF780A	19	40575059	40596845	0.2007	rs10424351	  3.87	rs337799	 2.42e-01	 10.47	-1.5056	116	 10	enet	0.28104	 5.61e-34	 -1.40482	1.60e-01
./fusion_twas/WEIGHTS/Blood_LDL/KIR3DX1_500kb.wgt.RDat	KIR3DX1	19	55043909	55057053	0.1848	rs730592	  2.67	rs8106451	 1.25e-01	  7.62	 0.2105	194	 14	enet	0.12869	 3.05e-15	  0.26089	7.94e-01
./fusion_twas/WEIGHTS/Blood_LDL/ZNF600_500kb.wgt.RDat	ZNF600	19	53267448	53290044	0.4447	rs3960965	  2.55	rs12973596	 3.24e-01	-11.95	 0.1975	183	  4	lasso	0.36975	 9.23e-47	 -0.34358	7.31e-01
./fusion_twas/WEIGHTS/Blood_LDL/ZNF792_500kb.wgt.RDat	ZNF792	19	35447258	35454953	0.0705	rs1633921	 -3.62	rs2651109	 1.06e-02	 -4.29	 2.0769	192	 18	enet	0.02760	 2.47e-04	 -1.89065	5.87e-02
./fusion_twas/WEIGHTS/Blood_LDL/PLD3_500kb.wgt.RDat	PLD3	19	40854363	40886346	0.0855	rs2279011	 -4.13	rs268691	-2.10e-03	  3.05	-0.8704	109	109	prs	0.00534	 6.62e-02	  0.14614	8.84e-01
./fusion_twas/WEIGHTS/Blood_LDL/C19orf60_500kb.wgt.RDat	C19orf60	19	18699495	18703146	0.0450	rs1075403	  3.58	rs2314664	 1.11e-02	  4.62	-0.2642	118	118	prs	0.02962	 1.51e-04	 -0.98827	3.23e-01
./fusion_twas/WEIGHTS/Blood_LDL/ICAM3_500kb.wgt.RDat	ICAM3	19	10444452	10450499	0.2289	rs2278444	-12.80	rs2304240	 1.06e-01	  6.87	-0.2432	134	  4	lasso	0.12335	 1.21e-14	 -0.48291	6.29e-01
./fusion_twas/WEIGHTS/Blood_LDL/XRCC1_500kb.wgt.RDat	XRCC1	19	44047192	44084625	0.0850	rs11669713	  3.29	rs2854501	 2.66e-02	 -4.30	 0.4154	147	147	prs	0.02724	 2.69e-04	  0.09554	9.24e-01
./fusion_twas/WEIGHTS/Blood_LDL/ZNF829_500kb.wgt.RDat	ZNF829	19	37379026	37407193	0.0357	rs2385655	 -1.69	rs10411931	-2.18e-03	 -3.36	-0.6719	 84	 84	prs	0.00727	 3.95e-02	  0.62041	5.35e-01
./fusion_twas/WEIGHTS/Blood_LDL/ARHGAP33_500kb.wgt.RDat	ARHGAP33	19	36265434	36279724	0.2054	rs2733744	 -2.83	rs231214	 1.38e-01	 -7.84	-0.7544	187	  6	lasso	0.14050	 1.40e-16	  0.69844	4.85e-01
./fusion_twas/WEIGHTS/Blood_LDL/ZNF529_500kb.wgt.RDat	ZNF529	19	37025676	37096178	0.1113	rs2857	  2.21	rs2278168	 1.21e-01	 -7.46	 0.5312	 95	 95	prs	0.13530	 5.48e-16	 -0.45127	6.52e-01
./fusion_twas/WEIGHTS/Blood_LDL/NUMBL_500kb.wgt.RDat	NUMBL	19	41172596	41196877	0.0625	rs2279011	 -4.13	rs2246095	 4.60e-03	  3.46	-0.7297	137	137	prs	0.03091	 1.10e-04	 -0.23726	8.12e-01
./fusion_twas/WEIGHTS/Blood_LDL/ABCA7_500kb.wgt.RDat	ABCA7	19	 1040102	 1065571	0.1411	rs10853952	 -2.89	rs2285899	 4.91e-02	 -4.98	 1.1935	117	 28	enet	0.06649	 1.91e-08	  0.77206	4.40e-01
./fusion_twas/WEIGHTS/Blood_LDL/PGPEP1_500kb.wgt.RDat	PGPEP1	19	18451397	18480760	0.2850	rs1075403	  3.58	rs3746183	 7.41e-02	  7.67	-0.5158	145	 17	enet	0.18337	 1.41e-21	 -2.21193	2.70e-02
./fusion_twas/WEIGHTS/Blood_LDL/CD37_500kb.wgt.RDat	CD37	19	49838428	49846592	0.0533	rs7028	  2.89	rs2303759	 4.55e-02	 -4.86	-0.4667	106	  2	lasso	0.03369	 5.60e-05	  0.52238	6.01e-01
./fusion_twas/WEIGHTS/Blood_LDL/ZNF175_500kb.wgt.RDat	ZNF175	19	52074551	52092991	0.1460	rs9973239	 -3.52	rs7257832	 1.05e-01	 -7.24	-0.7692	255	  4	lasso	0.11969	 3.11e-14	  0.41515	6.78e-01
./fusion_twas/WEIGHTS/Blood_LDL/PLEKHJ1_500kb.wgt.RDat	PLEKHJ1	19	 2230002	 2237703	0.0659	rs2864419	 -2.44	rs1599860	-2.24e-03	  3.23	-0.5758	128	128	prs	0.02275	 8.06e-04	 -0.21297	8.31e-01
./fusion_twas/WEIGHTS/Blood_LDL/ARMC6_500kb.wgt.RDat	ARMC6	19	19144384	19170563	0.0598	rs1859287	 -9.62	rs7253244	 5.79e-02	 -5.58	 1.1897	112	  5	lasso	0.04718	 2.13e-06	 -1.17849	2.39e-01
./fusion_twas/WEIGHTS/Blood_LDL/TMC4_500kb.wgt.RDat	TMC4	19	54663846	54676944	0.3676	rs730592	  2.67	rs641738	 3.56e-01	-12.51	 0.1475	174	 15	enet	0.40858	 6.30e-53	 -0.08339	9.34e-01
./fusion_twas/WEIGHTS/Blood_LDL/ZNF682_500kb.wgt.RDat	ZNF682	19	20107867	20150315	0.1122	rs10500212	-13.66	rs7247148	 7.22e-02	  6.13	 0.7971	 88	  3	lasso	0.08457	 2.21e-10	  1.20010	2.30e-01
./fusion_twas/WEIGHTS/Blood_LDL/DHX34_500kb.wgt.RDat	DHX34	19	47852538	47885961	0.1024	rs2974240	  3.10	rs2272294	 4.28e-02	  5.34	-0.5484	128	  9	enet	0.09085	 4.61e-11	  0.37021	7.11e-01
./fusion_twas/WEIGHTS/Blood_LDL/ZNF813_500kb.wgt.RDat	ZNF813	19	53970989	54006950	0.1346	rs3960965	  2.55	rs2708843	 4.97e-02	 -4.93	 0.3455	196	  3	lasso	0.03850	 1.75e-05	 -0.37347	7.09e-01
./fusion_twas/WEIGHTS/Blood_LDL/ZNF580_500kb.wgt.RDat	ZNF580	19	56146382	56154835	0.0792	rs4801655	  2.77	rs2288520	-1.55e-03	 -3.50	-0.1837	244	244	prs	0.01560	 4.71e-03	  0.18387	8.54e-01
./fusion_twas/WEIGHTS/Blood_LDL/CFD_500kb.wgt.RDat	CFD	19	  859453	  863453	0.3092	rs10853952	 -2.89	rs689448	 2.63e-01	  0.00	 1.3881	124	 24	enet	0.30344	 4.72e-37	 -0.58393	5.59e-01
./fusion_twas/WEIGHTS/Blood_LDL/TPM4_500kb.wgt.RDat	TPM4	19	16177831	16213813	0.0572	rs2204000	 -2.51	rs16981095	-1.55e-03	  3.26	-0.4000	245	 31	enet	0.04114	 9.21e-06	 -2.09422	3.62e-02
./fusion_twas/WEIGHTS/Blood_LDL/TIMM44_500kb.wgt.RDat	TIMM44	19	 7991603	 8008805	0.1900	rs10906990	  2.64	rs11542189	 1.42e-01	  8.08	 0.1560	174	  2	lasso	0.13813	 2.62e-16	  0.12708	8.99e-01
./fusion_twas/WEIGHTS/Blood_LDL/AP1M2_500kb.wgt.RDat	AP1M2	19	10683347	10697991	0.3416	rs8099996	-15.10	rs3760648	 1.07e-01	  6.96	-1.8182	122	  4	lasso	0.27824	 1.34e-33	  0.62446	5.32e-01
./fusion_twas/WEIGHTS/Blood_LDL/ZNF470_500kb.wgt.RDat	ZNF470	19	57078880	57100279	0.2336	rs2288856	  2.80	rs4239476	 2.18e-01	 -9.86	 2.3448	241	  5	lasso	0.23975	 1.51e-28	 -1.88297	5.97e-02
./fusion_twas/WEIGHTS/Blood_LDL/GIPC3_500kb.wgt.RDat	GIPC3	19	 3585551	 3593539	0.1303	rs17674346	 -2.64	rs8113232	 1.15e-01	 -7.20	-0.3878	137	  1	lasso	0.10377	 1.80e-12	  0.38776	6.98e-01
./fusion_twas/WEIGHTS/Blood_LDL/ZNF329_500kb.wgt.RDat	ZNF329	19	58637619	58666477	0.1112	rs12462540	 -3.11	rs260418	 3.00e-02	  5.35	 1.9667	156	  9	enet	0.09069	 4.80e-11	  3.13925	1.69e-03
./fusion_twas/WEIGHTS/Blood_LDL/ZNF418_500kb.wgt.RDat	ZNF418	19	58433252	58446761	0.0903	rs12462540	 -3.11	rs1483651	 4.32e-02	 -4.48	-2.0333	185	 17	enet	0.04136	 8.73e-06	  2.10916	3.49e-02
./fusion_twas/WEIGHTS/Blood_LDL/SEPW1_500kb.wgt.RDat	SEPW1	19	48281829	48287943	0.0965	rs2974240	  3.10	rs2334295	 6.05e-02	 -6.07	-0.0189	180	180	prs	0.07014	 7.80e-09	  0.29642	7.67e-01
./fusion_twas/WEIGHTS/Blood_LDL/SIN3B_500kb.wgt.RDat	SIN3B	19	16940211	16991164	0.0779	rs8102890	  2.51	rs2446148	 1.48e-02	 -4.21	 0.4259	144	  3	lasso	0.02149	 1.10e-03	 -0.67583	4.99e-01
./fusion_twas/WEIGHTS/Blood_LDL/USE1_500kb.wgt.RDat	USE1	19	17326155	17330638	0.0984	rs13345062	  3.06	rs2305765	 1.11e-02	 -4.33	 1.1429	165	 17	enet	0.03345	 5.94e-05	 -0.17679	8.60e-01
./fusion_twas/WEIGHTS/Blood_LDL/LINC00663_500kb.wgt.RDat	LINC00663	19	19868175	19887232	0.0580	rs10500212	-13.66	rs16996360	 5.35e-03	  3.74	-1.9107	101	 31	enet	0.02494	 4.71e-04	  1.12163	2.62e-01
./fusion_twas/WEIGHTS/Blood_LDL/ZNF211_500kb.wgt.RDat	ZNF211	19	58141761	58154147	0.0864	rs12462540	 -3.11	rs3746217	 4.08e-02	  5.10	 1.6849	197	  5	lasso	0.03870	 1.66e-05	  1.74707	8.06e-02
./fusion_twas/WEIGHTS/Blood_LDL/ZNF816-ZNF321P_500kb.wgt.RDat	ZNF816-ZNF321P	19	53430388	53445854	0.0618	rs3960965	  2.55	rs8182486	 2.97e-02	  0.00	 0.7641	176	  1	lasso	0.03789	 2.02e-05	 -1.64789	9.94e-02
./fusion_twas/WEIGHTS/Blood_LDL/ZNF468_500kb.wgt.RDat	ZNF468	19	53341261	53360902	0.2505	rs3960965	  2.55	rs1966574	 8.13e-02	 -6.07	-0.2593	184	  7	lasso	0.08137	 4.88e-10	  0.19118	8.48e-01
./fusion_twas/WEIGHTS/Blood_LDL/PCP2_500kb.wgt.RDat	PCP2	19	 7696497	 7698634	0.1455	rs10906990	  2.64	rs4804217	 1.30e-01	 -7.66	 0.0727	158	  4	lasso	0.12986	 2.25e-15	 -0.06805	9.46e-01
./fusion_twas/WEIGHTS/Blood_LDL/OPA3_500kb.wgt.RDat	OPA3	19	46030685	46105470	0.0692	rs3745157	 -9.79	rs7253109	-2.01e-03	  2.96	 0.8923	156	156	prs	0.00874	 2.68e-02	 -3.86623	1.11e-04
./fusion_twas/WEIGHTS/Blood_LDL/CTD-2017D11.1_500kb.wgt.RDat	CTD-2017D11.1	19	24216247	24249711	0.4314	rs11672619	  2.34	rs17712357	 4.92e-01	 14.81	 1.5000	 56	  7	lasso	0.52524	 3.27e-74	  1.43828	1.50e-01
./fusion_twas/WEIGHTS/Blood_LDL/LINC00665_500kb.wgt.RDat	LINC00665	19	36803969	36822620	0.1526	rs12460721	  2.41	rs2857	 1.30e-01	 -7.94	 2.2063	105	 17	enet	0.13036	 1.98e-15	 -1.66480	9.60e-02
./fusion_twas/WEIGHTS/Blood_LDL/SIGLEC14_500kb.wgt.RDat	SIGLEC14	19	52145806	52150054	0.5872	rs9973239	 -3.52	rs7250849	 3.97e-01	-13.28	 2.4677	244	 39	enet	0.49047	 2.28e-67	 -1.66857	9.52e-02
./fusion_twas/WEIGHTS/Blood_LDL/ZNF345_500kb.wgt.RDat	ZNF345	19	37341263	37403931	0.0565	rs2385655	 -1.69	rs12982205	 3.08e-02	  5.03	-0.2373	 88	 88	prs	0.03104	 1.07e-04	 -0.32992	7.41e-01
./fusion_twas/WEIGHTS/Blood_LDL/RPS19_500kb.wgt.RDat	RPS19	19	42363988	42376994	0.0295	rs8107107	 -2.49	rs3810153	 4.74e-02	  4.73	 1.3455	 93	  1	lasso	0.04394	 4.66e-06	  1.34545	1.78e-01
./fusion_twas/WEIGHTS/Blood_LDL/HKR1_500kb.wgt.RDat	HKR1	19	37803739	37860267	0.1269	rs10417204	  2.04	rs12462708	 1.53e-01	 -8.25	-0.2037	 83	  2	lasso	0.14192	 9.69e-17	  0.19544	8.45e-01
./fusion_twas/WEIGHTS/Blood_LDL/ZNF208_500kb.wgt.RDat	ZNF208	19	22115760	22193751	0.2664	rs2015481	  2.47	rs8112960	 1.87e-01	 -9.16	-0.5926	 90	 90	blup	0.22522	 1.05e-26	 -1.52705	1.27e-01
./fusion_twas/WEIGHTS/Blood_LDL/CEACAM21_500kb.wgt.RDat	CEACAM21	19	42055886	42093197	0.4003	rs2241718	  3.48	rs7254075	 3.06e-01	  0.00	 1.8358	116	 22	enet	0.33767	 6.06e-42	 -0.80959	4.18e-01
./fusion_twas/WEIGHTS/Blood_LDL/LTBP4_500kb.wgt.RDat	LTBP4	19	41098789	41135725	0.1206	rs2279011	 -4.13	rs3786527	 1.02e-01	 -6.82	-0.5634	137	  2	lasso	0.09614	 1.23e-11	  0.57525	5.65e-01
./fusion_twas/WEIGHTS/Blood_LDL/ZNF737_500kb.wgt.RDat	ZNF737	19	20718631	20748615	0.2941	rs7253306	  2.76	rs836896	 1.50e-01	  0.00	 0.7794	 61	  5	lasso	0.15911	 1.01e-18	 -0.17568	8.61e-01
./fusion_twas/WEIGHTS/Blood_LDL/CABP5_500kb.wgt.RDat	CABP5	19	48533210	48547310	0.2774	rs2974240	  3.10	rs3936340	 4.76e-02	  4.84	-0.0860	177	 66	enet	0.15495	 3.08e-18	  0.48240	6.30e-01
./fusion_twas/WEIGHTS/Blood_LDL/ZNF506_500kb.wgt.RDat	ZNF506	19	19896648	19932560	0.1550	rs10500212	-13.66	rs248943	 1.10e-01	  7.16	-1.3774	 99	  8	enet	0.09529	 1.52e-11	 -1.18178	2.37e-01
./fusion_twas/WEIGHTS/Blood_LDL/SPHK2_500kb.wgt.RDat	SPHK2	19	49122548	49133974	0.0983	rs516246	  7.46	rs4002419	 1.40e-02	  4.02	 1.1818	176	176	prs	0.02321	 7.21e-04	 -0.03488	9.72e-01
./fusion_twas/WEIGHTS/Blood_LDL/SMG9_500kb.wgt.RDat	SMG9	19	44235301	44259142	0.0739	rs16978840	 -3.30	rs3760982	 5.03e-03	  3.96	-1.0385	166	  4	lasso	0.00444	 8.46e-02	 -1.89001	5.88e-02
./fusion_twas/WEIGHTS/Blood_LDL/RP11-15A1.3_500kb.wgt.RDat	RP11-15A1.3	19	44395956	44405957	0.0586	rs1594895	 -7.24	rs417699	 6.62e-02	  5.64	-1.8654	175	  1	lasso	0.05920	 1.14e-07	 -1.86538	6.21e-02
./fusion_twas/WEIGHTS/Blood_LDL/CTC-459F4.3_500kb.wgt.RDat	CTC-459F4.3	19	28284371	28409771	0.0353	rs7246484	  2.24	rs2407396	 1.60e-02	  0.00	 0.2321	117	117	prs	0.02546	 4.15e-04	 -0.94853	3.43e-01
./fusion_twas/WEIGHTS/Blood_LDL/CYP4F22_500kb.wgt.RDat	CYP4F22	19	15619304	15663128	0.1427	rs1044009	 -2.65	rs4808217	 1.36e-02	  4.47	-1.2949	237	 10	enet	0.03934	 1.42e-05	 -1.46545	1.43e-01
./fusion_twas/WEIGHTS/Blood_LDL/CTC-444N24.8_500kb.wgt.RDat	CTC-444N24.8	19	57772722	57774106	0.0687	rs726260	  2.83	rs13343495	-2.19e-03	  3.44	-0.0779	217	 12	enet	0.01675	 3.54e-03	  0.90780	3.64e-01
./fusion_twas/WEIGHTS/Blood_LDL/LILRB3_500kb.wgt.RDat	LILRB3	19	54720147	54746602	0.2032	rs730592	  2.67	rs17305311	 3.75e-02	 -5.28	-0.3962	185	 18	enet	0.13147	 1.48e-15	 -0.86552	3.87e-01
./fusion_twas/WEIGHTS/Blood_LDL/ZNF880_500kb.wgt.RDat	ZNF880	19	52873170	52889048	0.3396	rs9973239	 -3.52	rs3170100	 3.41e-01	 12.24	 0.0000	190	  5	lasso	0.36178	 1.53e-45	 -0.40284	6.87e-01
./fusion_twas/WEIGHTS/Blood_LDL/PVRL2_500kb.wgt.RDat	PVRL2	19	45349432	45392485	0.4597	rs1531517	-27.52	rs8104483	 3.94e-01	 13.16	12.3095	163	  4	lasso	0.45427	 1.02e-60	 11.06330	1.89e-28
./fusion_twas/WEIGHTS/Blood_LDL/ZNF566_500kb.wgt.RDat	ZNF566	19	36936021	36980804	0.1395	rs12460721	  2.41	rs2891868	 1.10e-01	 -7.03	-0.0806	107	  3	lasso	0.09250	 3.06e-11	  0.30158	7.63e-01
./fusion_twas/WEIGHTS/Blood_LDL/ANKLE1_500kb.wgt.RDat	ANKLE1	19	17392454	17398455	0.1315	rs13345062	  3.06	rs2288464	 7.63e-02	 -5.96	 1.6444	171	  5	lasso	0.06540	 2.50e-08	 -1.71315	8.67e-02
./fusion_twas/WEIGHTS/Blood_LDL/SIGLEC5_500kb.wgt.RDat	SIGLEC5	19	52115344	52150142	0.2121	rs9973239	 -3.52	rs7260152	 1.37e-02	  4.64	-0.7302	247	 50	enet	0.04033	 1.12e-05	 -1.03542	3.00e-01
./fusion_twas/WEIGHTS/Blood_LDL/AP1M1_500kb.wgt.RDat	AP1M1	19	16308389	16346160	0.1418	rs2241400	  2.23	rs624512	 1.66e-01	  0.00	-0.5500	166	  1	lasso	0.17396	 1.84e-20	 -0.32759	7.43e-01
./fusion_twas/WEIGHTS/Blood_LDL/ZNF419_500kb.wgt.RDat	ZNF419	19	57999079	58006048	0.0819	rs726260	  2.83	rs10418480	 3.51e-03	 -3.78	-1.6296	202	202	prs	0.01268	 9.81e-03	  0.28372	7.77e-01
./fusion_twas/WEIGHTS/Blood_LDL/CYTH2_500kb.wgt.RDat	CYTH2	19	48972289	48985571	0.0526	rs516246	  7.46	rs1799257	 4.57e-02	 -4.63	-0.1972	196	  2	lasso	0.03566	 3.48e-05	  0.03126	9.75e-01
./fusion_twas/WEIGHTS/Blood_LDL/MRPL54_500kb.wgt.RDat	MRPL54	19	 3762662	 3768573	0.1106	rs17674346	 -2.64	rs13960	 7.99e-02	 -6.11	-1.3276	134	  5	lasso	0.07187	 5.10e-09	  1.30225	1.93e-01
./fusion_twas/WEIGHTS/Blood_LDL/KMT2B_500kb.wgt.RDat	KMT2B	19	36208921	36229779	0.1811	rs2733744	 -2.83	rs12459634	 1.10e-01	  7.12	 0.4342	197	 20	enet	0.14132	 1.13e-16	  0.10785	9.14e-01
./fusion_twas/WEIGHTS/Blood_LDL/PDCD5_500kb.wgt.RDat	PDCD5	19	33071974	33078358	0.1106	rs6510263	 -2.59	rs2868145	 1.36e-02	 -3.96	 0.0822	148	 14	enet	0.06051	 8.27e-08	  1.90419	5.69e-02
./fusion_twas/WEIGHTS/Blood_LDL/KCNK6_500kb.wgt.RDat	KCNK6	19	38810484	38819660	0.0691	rs7253473	 -2.14	rs2270094	 1.69e-02	  4.27	 0.5469	120	 13	enet	0.03760	 2.17e-05	 -0.26479	7.91e-01
./fusion_twas/WEIGHTS/Blood_LDL/RP11-678G14.3_500kb.wgt.RDat	RP11-678G14.3	19	21753624	21770124	0.5780	rs2195453	  2.48	rs8112960	 6.48e-01	-16.86	-0.5926	 83	  7	lasso	0.65915	2.79e-106	  0.18731	8.51e-01
./fusion_twas/WEIGHTS/Blood_LDL/CTB-83J4.2_500kb.wgt.RDat	CTB-83J4.2	19	55100906	55101752	0.1918	rs730592	  2.67	rs2555687	 1.72e-01	 -9.17	-0.5604	194	  4	lasso	0.18462	 9.98e-22	  0.69336	4.88e-01
./fusion_twas/WEIGHTS/Blood_LDL/CTD-2368P22.1_500kb.wgt.RDat	CTD-2368P22.1	19	58513429	58522600	0.2635	rs12462540	 -3.11	rs1035522	 2.76e-01	 11.07	 0.0164	167	 23	enet	0.29943	 1.71e-36	  0.29233	7.70e-01
./fusion_twas/WEIGHTS/Blood_LDL/CARD8_500kb.wgt.RDat	CARD8	19	48684027	48759203	0.1263	rs516246	  7.46	rs7254278	 6.14e-02	  5.91	 0.7284	215	 12	enet	0.04302	 5.84e-06	  0.72994	4.65e-01
./fusion_twas/WEIGHTS/Blood_LDL/NLRP2_500kb.wgt.RDat	NLRP2	19	55464498	55512510	0.3412	rs4801655	  2.77	rs1059211	 2.53e-01	 10.67	-0.0308	189	 25	enet	0.33700	 7.59e-42	 -0.71148	4.77e-01
./fusion_twas/WEIGHTS/Blood_LDL/ZNF548_500kb.wgt.RDat	ZNF548	19	57901218	57912786	0.1797	rs726260	  2.83	rs12462686	 1.11e-01	  0.00	 0.7615	214	  1	lasso	0.11436	 1.22e-13	  1.07229	2.84e-01
./fusion_twas/WEIGHTS/Blood_LDL/ADAMTS10_500kb.wgt.RDat	ADAMTS10	19	 8645126	 8675620	0.0988	rs4435373	  2.43	rs10416597	 3.87e-03	  3.40	 0.7091	159	159	prs	0.02273	 8.09e-04	 -0.97746	3.28e-01
./fusion_twas/WEIGHTS/Blood_LDL/AC007193.9_500kb.wgt.RDat	AC007193.9	19	46885749	46886426	0.1234	rs4802307	 -4.24	rs3745926	 6.46e-02	  0.00	-2.4182	166	 20	enet	0.06783	 1.38e-08	  1.59581	1.11e-01
./fusion_twas/WEIGHTS/Blood_LDL/DMPK_500kb.wgt.RDat	DMPK	19	46272975	46285810	0.1894	rs732841	 -6.44	rs12463359	 1.33e-01	  7.76	-0.3947	160	  5	lasso	0.14459	 4.80e-17	 -1.39817	1.62e-01
./fusion_twas/WEIGHTS/Blood_LDL/ZNF567_500kb.wgt.RDat	ZNF567	19	37178514	37218603	0.0846	rs2857	  2.21	rs1357879	 8.22e-02	  6.15	 0.3455	 88	  2	lasso	0.07394	 3.06e-09	  0.34424	7.31e-01
./fusion_twas/WEIGHTS/Blood_LDL/ZNF585B_500kb.wgt.RDat	ZNF585B	19	37672481	37709055	0.1788	rs10417204	  2.04	rs7259256	 8.85e-02	  0.00	-0.3889	 83	  5	lasso	0.11563	 8.80e-14	 -0.85560	3.92e-01
./fusion_twas/WEIGHTS/Blood_LDL/MFSD12_500kb.wgt.RDat	MFSD12	19	 3538259	 3574288	0.0552	rs17674346	 -2.64	rs4807485	 5.32e-02	 -5.70	 0.2667	140	  2	lasso	0.06133	 6.77e-08	  0.45630	6.48e-01
./fusion_twas/WEIGHTS/Blood_LDL/LILRA3_500kb.wgt.RDat	LILRA3	19	54799854	54809952	0.4431	rs730592	  2.67	rs103294	 4.24e-01	-13.63	 1.5532	173	 30	enet	0.48597	 1.63e-66	 -1.08690	2.77e-01
./fusion_twas/WEIGHTS/Blood_LDL/ZNF667-AS1_500kb.wgt.RDat	ZNF667-AS1	19	56988619	57012035	0.1509	rs2288856	  2.80	rs9749084	 1.14e-01	  7.15	-0.5763	236	  8	lasso	0.12313	 1.28e-14	 -1.08871	2.76e-01
./fusion_twas/WEIGHTS/Blood_LDL/FSTL3_500kb.wgt.RDat	FSTL3	19	  676392	  683385	0.0727	rs10853952	 -2.89	rs17604088	 4.21e-03	  3.60	-2.3804	130	130	prs	0.02268	 8.21e-04	  0.39185	6.95e-01
./fusion_twas/WEIGHTS/Blood_LDL/IL27RA_500kb.wgt.RDat	IL27RA	19	14142560	14163743	0.1483	rs503084	  2.75	rs7248735	 1.67e-01	 -8.75	 1.0145	 97	  3	lasso	0.15951	 9.13e-19	 -0.98937	3.22e-01
./fusion_twas/WEIGHTS/Blood_LDL/MRI1_500kb.wgt.RDat	MRI1	19	13875346	13885096	0.1061	rs503084	  2.75	rs7251403	-1.43e-03	  0.00	-0.7778	114	 30	enet	0.01747	 2.96e-03	 -1.47656	1.40e-01
./fusion_twas/WEIGHTS/Blood_LDL/FPR3_500kb.wgt.RDat	FPR3	19	52298416	52329442	0.0773	rs9973239	 -3.52	rs3752125	 5.59e-03	  4.18	-2.7250	267	267	prs	0.03142	 9.73e-05	 -2.33891	1.93e-02
./fusion_twas/WEIGHTS/Blood_LDL/EIF3G_500kb.wgt.RDat	EIF3G	19	10225693	10230596	0.0693	rs8106664	-11.52	rs2305795	 5.08e-02	 -5.35	-0.1429	130	  2	lasso	0.05616	 2.39e-07	  0.23808	8.12e-01
./fusion_twas/WEIGHTS/Blood_LDL/ZNF606_500kb.wgt.RDat	ZNF606	19	58488421	58514717	0.0646	rs12462540	 -3.11	rs1035522	 5.00e-02	  5.26	 0.0164	172	  3	lasso	0.04146	 8.52e-06	  0.12695	8.99e-01
./fusion_twas/WEIGHTS/Blood_LDL/CD320_500kb.wgt.RDat	CD320	19	 8367011	 8373240	0.0756	rs4804827	 -2.62	rs17202517	 1.94e-03	 -3.55	-0.8462	145	 11	enet	0.01835	 2.38e-03	  0.59372	5.53e-01
./fusion_twas/WEIGHTS/Blood_LDL/PRKD2_500kb.wgt.RDat	PRKD2	19	47177532	47220384	0.2434	rs4802307	 -4.24	rs4802322	 1.07e-01	 -7.64	-1.9535	144	 12	enet	0.20674	 2.08e-24	  2.17984	2.93e-02
./fusion_twas/WEIGHTS/Blood_LDL/RPL28_500kb.wgt.RDat	RPL28	19	55896713	55914612	0.3532	rs4801655	  2.77	rs17700376	 2.85e-01	-11.18	-0.8310	235	  3	lasso	0.28161	 4.70e-34	  0.77360	4.39e-01
./fusion_twas/WEIGHTS/Blood_LDL/ZNF818P_500kb.wgt.RDat	ZNF818P	19	53716241	53716649	0.1499	rs3960965	  2.55	rs8103620	 1.17e-02	  4.88	 2.2857	190	 24	enet	0.09751	 8.70e-12	  0.12932	8.97e-01
./fusion_twas/WEIGHTS/Blood_LDL/GAPDHS_500kb.wgt.RDat	GAPDHS	19	36024314	36036218	0.0683	rs1633921	 -3.62	rs12461158	-9.62e-04	  0.00	 0.1167	210	210	prs	0.01828	 2.42e-03	 -0.05006	9.60e-01
./fusion_twas/WEIGHTS/Blood_LDL/SIGLEC22P_500kb.wgt.RDat	SIGLEC22P	19	51714336	51715344	0.1131	rs7250849	  2.47	rs273619	 4.17e-02	 -4.57	 0.9649	266	 14	enet	0.07176	 5.25e-09	 -1.05931	2.89e-01
./fusion_twas/WEIGHTS/Blood_LDL/CTD-2561J22.2_500kb.wgt.RDat	CTD-2561J22.2	19	21565667	21569979	0.0912	rs7253306	  2.76	rs11085447	 4.65e-02	 -5.69	-1.0385	 78	  4	lasso	0.07402	 3.01e-09	  1.16938	2.42e-01
./fusion_twas/WEIGHTS/Blood_LDL/AC005307.3_500kb.wgt.RDat	AC005307.3	19	28926295	29218684	0.1521	rs10408302	 -2.39	rs2190832	 8.98e-02	 -7.14	 1.7091	234	  6	lasso	0.12696	 4.78e-15	 -0.69750	4.85e-01
./fusion_twas/WEIGHTS/Blood_LDL/CTD-2587H19.1_500kb.wgt.RDat	CTD-2587H19.1	19	54862991	54864894	0.1281	rs730592	  2.67	rs10414662	 2.91e-02	  5.34	-2.0541	165	  9	enet	0.08148	 4.75e-10	 -1.24747	2.12e-01
./fusion_twas/WEIGHTS/Blood_LDL/ZNF486_500kb.wgt.RDat	ZNF486	19	20278037	20311299	0.1115	rs17699261	 -7.60	rs11085307	 5.55e-02	  5.13	 1.4930	 85	  7	lasso	0.06178	 6.07e-08	  3.47345	5.14e-04
./fusion_twas/WEIGHTS/Blood_LDL/TMEM143_500kb.wgt.RDat	TMEM143	19	48835613	48867494	0.0500	rs516246	  7.46	rs1062919	 8.70e-03	  4.42	 0.4259	204	204	blup	0.01947	 1.81e-03	 -0.15001	8.81e-01
./fusion_twas/WEIGHTS/Blood_LDL/ZNF626_500kb.wgt.RDat	ZNF626	19	20802867	20844402	0.1828	rs7253306	  2.76	rs4809098	 3.88e-02	  5.04	 1.0370	 70	 70	blup	0.13254	 1.13e-15	  0.05035	9.60e-01
./fusion_twas/WEIGHTS/Blood_LDL/ZNF793_500kb.wgt.RDat	ZNF793	19	37997841	38039664	0.1033	rs705503	  2.07	rs2291004	 1.98e-01	  9.45	-0.9130	 87	 14	enet	0.19412	 7.18e-23	 -0.79827	4.25e-01
./fusion_twas/WEIGHTS/Blood_LDL/ZNF333_500kb.wgt.RDat	ZNF333	19	14800613	14844558	0.2437	rs1044009	 -2.65	rs12151240	 2.49e-01	  0.00	 0.7561	190	 10	enet	0.27056	 1.43e-32	 -0.10162	9.19e-01
./fusion_twas/WEIGHTS/Blood_LDL/PAK4_500kb.wgt.RDat	PAK4	19	39616410	39673456	0.0971	rs10424351	  3.87	rs879689	 9.30e-02	 -6.55	 0.3036	143	  1	lasso	0.07803	 1.12e-09	 -0.30357	7.61e-01
./fusion_twas/WEIGHTS/Blood_LDL/RPS16_500kb.wgt.RDat	RPS16	19	39923847	39926588	0.0667	rs10424351	  3.87	rs8113389	 4.26e-04	  0.00	-0.7091	160	160	prs	0.03143	 9.70e-05	 -0.13695	8.91e-01
./fusion_twas/WEIGHTS/Blood_LDL/NCLN_500kb.wgt.RDat	NCLN	19	 3185561	 3209573	0.1146	rs12973643	 -2.89	rs426633	 4.17e-02	  5.94	 0.2000	143	 11	enet	0.06970	 8.69e-09	  0.12348	9.02e-01
./fusion_twas/WEIGHTS/Blood_LDL/SNRPD2_500kb.wgt.RDat	SNRPD2	19	46190712	46195827	0.1397	rs732841	 -6.44	rs36040835	 1.58e-01	 -8.42	-0.5538	147	  2	lasso	0.15074	 9.43e-18	  0.59563	5.51e-01
./fusion_twas/WEIGHTS/Blood_LDL/ZNF561_500kb.wgt.RDat	ZNF561	19	 9715356	 9732075	0.1250	rs2287802	  4.22	rs10422772	 2.17e-01	-10.07	 0.2027	123	  4	lasso	0.22372	 1.62e-26	 -0.18101	8.56e-01
./fusion_twas/WEIGHTS/Blood_LDL/ZNF555_500kb.wgt.RDat	ZNF555	19	 2841433	 2860482	0.0673	rs12973643	 -2.89	rs4806877	 2.55e-02	 -4.32	 1.9811	158	  3	lasso	0.03049	 1.22e-04	 -1.55840	1.19e-01
./fusion_twas/WEIGHTS/Blood_LDL/ZNF302_500kb.wgt.RDat	ZNF302	19	35168544	35177302	0.3465	rs10426624	 -2.84	rs8112651	 2.93e-01	-11.62	-0.6000	138	  5	lasso	0.29523	 6.50e-36	  0.66047	5.09e-01
./fusion_twas/WEIGHTS/Blood_LDL/ZNF749_500kb.wgt.RDat	ZNF749	19	57946697	57956853	0.3337	rs726260	  2.83	rs11665675	 4.05e-01	 13.34	 2.2222	207	  7	lasso	0.39371	 1.61e-50	  2.20635	2.74e-02
./fusion_twas/WEIGHTS/Blood_LDL/AC009892.10_500kb.wgt.RDat	AC009892.10	19	55147173	55150343	0.2303	rs730592	  2.67	rs8101605	 2.10e-01	 -9.76	-1.6286	188	 11	enet	0.25885	 5.06e-31	  1.48690	1.37e-01
./fusion_twas/WEIGHTS/Blood_LDL/SLC39A3_500kb.wgt.RDat	SLC39A3	19	 2732202	 2740150	0.1097	rs12973643	 -2.89	rs4806874	 1.16e-01	  7.19	 2.5172	155	  4	lasso	0.10897	 4.81e-13	  2.49889	1.25e-02
./fusion_twas/WEIGHTS/Blood_LDL/BLOC1S3_500kb.wgt.RDat	BLOC1S3	19	45682003	45685059	0.0975	rs1531517	-27.52	rs10409727	 4.15e-02	 -4.88	-1.1176	132	132	prs	0.06872	 1.11e-08	 -0.42001	6.74e-01
./fusion_twas/WEIGHTS/Blood_LDL/ZNF781_500kb.wgt.RDat	ZNF781	19	38158652	38183223	0.1037	rs705503	  2.07	rs4805208	 9.15e-02	  0.00	-0.4868	 90	  5	lasso	0.10360	 1.87e-12	  0.41574	6.78e-01
./fusion_twas/WEIGHTS/Blood_LDL/CATSPERG_500kb.wgt.RDat	CATSPERG	19	38826415	38861589	0.1997	rs7253473	 -2.14	rs17249138	 1.42e-01	  0.00	-1.1296	120	  7	lasso	0.14156	 1.06e-16	 -0.12469	9.01e-01
./fusion_twas/WEIGHTS/Blood_LDL/ZNF181_500kb.wgt.RDat	ZNF181	19	35225060	35233777	0.1993	rs1633921	 -3.62	rs4806050	 2.36e-01	-10.18	-0.9818	146	  3	lasso	0.23192	 1.50e-27	  0.87558	3.81e-01
./fusion_twas/WEIGHTS/Blood_LDL/LILRA4_500kb.wgt.RDat	LILRA4	19	54844456	54850421	0.3132	rs730592	  2.67	rs17305311	 1.49e-01	 -8.33	-0.3962	168	 19	enet	0.24231	 7.09e-29	 -0.28082	7.79e-01
./fusion_twas/WEIGHTS/Blood_LDL/SSBP4_500kb.wgt.RDat	SSBP4	19	18529674	18545372	0.0546	rs1075403	  3.58	rs4808807	 4.02e-02	 -5.18	 1.9206	142	  3	lasso	0.04721	 2.11e-06	 -1.86419	6.23e-02
./fusion_twas/WEIGHTS/Blood_LDL/BSG_500kb.wgt.RDat	BSG	19	  571297	  583493	0.0763	rs12976695	  2.84	rs873634	 3.67e-02	 -4.32	-0.9487	115	115	prs	0.02878	 1.85e-04	  0.82735	4.08e-01
./fusion_twas/WEIGHTS/Blood_LDL/ZNF550_500kb.wgt.RDat	ZNF550	19	58046625	58071231	0.1489	rs726260	  2.83	rs3746222	 1.41e-01	  7.92	 0.7385	201	  2	lasso	0.13177	 1.37e-15	  0.72031	4.71e-01
./fusion_twas/WEIGHTS/Blood_LDL/CPAMD8_500kb.wgt.RDat	CPAMD8	19	17003758	17137625	0.2723	rs13345062	  3.06	rs1457091	 1.56e-01	  8.39	 0.1250	168	  4	lasso	0.29287	 1.37e-35	  0.35849	7.20e-01
./fusion_twas/WEIGHTS/Blood_LDL/RAB3D_500kb.wgt.RDat	RAB3D	19	11432722	11456946	0.0747	rs8099996	-15.10	rs2229920	 1.97e-02	  0.00	-9.6140	139	139	prs	0.03675	 2.67e-05	 -5.59215	2.24e-08
./fusion_twas/WEIGHTS/Blood_LDL/ZNF738_500kb.wgt.RDat	ZNF738	19	21541732	21562104	0.1061	rs7253306	  2.76	rs8112960	 2.70e-02	 -4.63	-0.5926	 77	  2	lasso	0.03337	 6.06e-05	  0.55607	5.78e-01
./fusion_twas/WEIGHTS/Blood_LDL/PPP5C_500kb.wgt.RDat	PPP5C	19	46850251	46896238	0.4834	rs4802307	 -4.24	rs4802307	 4.83e-01	-14.55	-4.2439	178	  2	lasso	0.49430	 4.25e-68	  4.25739	2.07e-05
./fusion_twas/WEIGHTS/Blood_LDL/KDM4B_500kb.wgt.RDat	KDM4B	19	 4969125	 5153606	0.0874	rs2251519	 -3.45	rs4807677	 3.71e-02	 -5.06	-2.7321	212	212	prs	0.04808	 1.71e-06	  2.38861	1.69e-02
./fusion_twas/WEIGHTS/Blood_LDL/ZNF613_500kb.wgt.RDat	ZNF613	19	52430400	52452012	0.0868	rs9973239	 -3.52	rs1820112	 3.24e-02	  0.00	-0.9024	270	270	prs	0.05563	 2.72e-07	 -1.83609	6.63e-02
./fusion_twas/WEIGHTS/Blood_LDL/SUPT5H_500kb.wgt.RDat	SUPT5H	19	39926796	39967310	0.0681	rs10424351	  3.87	rs7257526	 1.30e-02	 -4.53	-0.9286	162	162	prs	0.03802	 1.96e-05	 -0.09895	9.21e-01
./fusion_twas/WEIGHTS/Blood_LDL/C19orf35_500kb.wgt.RDat	C19orf35	19	 2274631	 2282181	0.0692	rs12973643	 -2.89	rs757528	 5.10e-02	  0.00	 0.5294	137	  1	lasso	0.04609	 2.77e-06	 -0.28169	7.78e-01
./fusion_twas/WEIGHTS/Blood_LDL/PRX_500kb.wgt.RDat	PRX	19	40899675	40919273	0.3114	rs2279011	 -4.13	rs10407447	 3.21e-02	 -5.68	 0.1486	112	 15	enet	0.13594	 4.63e-16	  0.66776	5.04e-01
./fusion_twas/WEIGHTS/Blood_LDL/ZNF493_500kb.wgt.RDat	ZNF493	19	21579921	21610375	0.3462	rs7253306	  2.76	rs8107999	 3.56e-01	 12.97	-0.7308	 85	  4	lasso	0.48690	 1.08e-66	 -0.23093	8.17e-01
./fusion_twas/WEIGHTS/Blood_LDL/PTGIR_500kb.wgt.RDat	PTGIR	19	47123725	47128375	0.0751	rs4802307	 -4.24	rs11083840	 7.45e-03	 -3.75	-1.1724	147	147	prs	0.02586	 3.77e-04	 -2.37043	1.78e-02
./fusion_twas/WEIGHTS/Blood_LDL/FPR2_500kb.wgt.RDat	FPR2	19	52255279	52273779	0.1104	rs9973239	 -3.52	rs273619	 6.76e-02	  0.00	 0.9649	270	  5	lasso	0.04506	 3.55e-06	  1.20356	2.29e-01
./fusion_twas/WEIGHTS/Blood_LDL/ALDH16A1_500kb.wgt.RDat	ALDH16A1	19	49956426	49974305	0.2517	rs283533	 -2.44	rs2293013	 1.86e-01	  9.22	-0.8065	111	 21	enet	0.20583	 2.69e-24	 -1.45742	1.45e-01
./fusion_twas/WEIGHTS/Blood_LDL/EMR1_500kb.wgt.RDat	EMR1	19	 6887577	 6940470	0.3353	rs168259	 -2.41	rs606384	 1.81e-01	  9.73	-0.2881	187	 17	enet	0.26643	 5.07e-32	 -0.20554	8.37e-01
./fusion_twas/WEIGHTS/Blood_LDL/ZNF544_500kb.wgt.RDat	ZNF544	19	58739960	58788815	0.1908	rs12462540	 -3.11	rs1483651	 1.09e-01	 -7.12	-2.0333	134	  4	lasso	0.14563	 3.65e-17	  3.09837	1.95e-03
./fusion_twas/WEIGHTS/Blood_LDL/RPS5_500kb.wgt.RDat	RPS5	19	58897767	58906173	0.2875	rs12462540	 -3.11	rs893179	 2.19e-01	 -9.87	-1.0189	117	  5	lasso	0.20839	 1.30e-24	  1.07833	2.81e-01
./fusion_twas/WEIGHTS/Blood_LDL/LIG1_500kb.wgt.RDat	LIG1	19	48618702	48673860	0.1355	rs371690	 -4.14	rs2974226	 4.03e-02	  0.00	-0.5641	209	 15	enet	0.05313	 5.00e-07	  0.10768	9.14e-01
./fusion_twas/WEIGHTS/Blood_LDL/ZSCAN18_500kb.wgt.RDat	ZSCAN18	19	58595205	58629794	0.0927	rs12462540	 -3.11	rs1004206	 1.35e-02	  0.00	 0.6979	164	 16	enet	0.05763	 1.67e-07	  2.50965	1.21e-02
./fusion_twas/WEIGHTS/Blood_LDL/MVB12A_500kb.wgt.RDat	MVB12A	19	17516531	17544533	0.0559	rs13345062	  3.06	rs754847	 1.37e-02	  4.27	-2.1791	176	 14	enet	0.02875	 1.86e-04	 -3.08042	2.07e-03
./fusion_twas/WEIGHTS/Blood_LDL/SLC1A5_500kb.wgt.RDat	SLC1A5	19	47278140	47291851	0.1137	rs4802307	 -4.24	rs931647	 7.94e-03	  3.73	-0.7500	127	127	prs	0.03256	 7.38e-05	 -2.12594	3.35e-02
./fusion_twas/WEIGHTS/Blood_LDL/ZNF404_500kb.wgt.RDat	ZNF404	19	44376515	44405537	0.1006	rs1594895	 -7.24	rs171238	 9.40e-02	  6.66	-1.4615	177	  3	lasso	0.09350	 2.38e-11	 -1.22336	2.21e-01
./fusion_twas/WEIGHTS/Blood_LDL/POLR2E_500kb.wgt.RDat	POLR2E	19	 1086594	 1095598	0.1290	rs10853952	 -2.89	rs1046040	 1.96e-02	 -4.96	-2.1739	117	 13	enet	0.05708	 1.91e-07	  2.99452	2.75e-03
./fusion_twas/WEIGHTS/Blood_LDL/LILRB1_500kb.wgt.RDat	LILRB1	19	55085346	55148979	0.1495	rs730592	  2.67	rs2555691	 3.99e-02	 -5.12	-0.8403	201	 22	enet	0.08659	 1.33e-10	 -0.04893	9.61e-01
./fusion_twas/WEIGHTS/Blood_LDL/DENND1C_500kb.wgt.RDat	DENND1C	19	 6467218	 6482568	0.0800	rs168259	 -2.41	rs1663803	 5.21e-02	  5.13	 0.5455	174	  1	lasso	0.04036	 1.11e-05	  0.54545	5.85e-01
./fusion_twas/WEIGHTS/Blood_LDL/ZNF571_500kb.wgt.RDat	ZNF571	19	38045684	38085673	0.0722	rs705503	  2.07	rs17303902	 3.83e-02	 -5.25	-0.3860	 91	 91	prs	0.04748	 1.97e-06	 -0.03471	9.72e-01
./fusion_twas/WEIGHTS/Blood_LDL/MAP3K10_500kb.wgt.RDat	MAP3K10	19	40697651	40721482	0.1482	rs3810389	  2.49	rs16974196	 1.19e-01	 -7.51	 1.7692	115	  2	lasso	0.11666	 6.75e-14	 -1.57711	1.15e-01
./fusion_twas/WEIGHTS/Blood_LDL/CTC-523E23.1_500kb.wgt.RDat	CTC-523E23.1	19	35302493	35305249	0.2210	rs1633921	 -3.62	rs7259504	 1.25e-01	  7.85	 1.8000	158	  8	lasso	0.18665	 5.70e-22	  1.39909	1.62e-01
./fusion_twas/WEIGHTS/Blood_LDL/C19orf48_500kb.wgt.RDat	C19orf48	19	51300961	51308186	0.1994	rs1895373	 -2.44	rs9991	 1.95e-01	  9.29	 0.5000	218	  3	lasso	0.20456	 3.84e-24	  0.23261	8.16e-01
./fusion_twas/WEIGHTS/Blood_LDL/ZNF554_500kb.wgt.RDat	ZNF554	19	 2819872	 2835771	0.1162	rs12973643	 -2.89	rs11878710	 1.31e-01	  0.00	 0.3364	156	  2	lasso	0.12292	 1.36e-14	  1.86742	6.18e-02
./fusion_twas/WEIGHTS/Blood_LDL/ATP8B3_500kb.wgt.RDat	ATP8B3	19	 1782074	 1812275	0.1701	rs2864419	 -2.44	rs7249302	 1.15e-01	 -7.18	-1.8929	116	  9	enet	0.12697	 4.77e-15	  0.88291	3.77e-01
./fusion_twas/WEIGHTS/Blood_LDL/ZNF726_500kb.wgt.RDat	ZNF726	19	24097678	24127961	0.0586	rs11672619	  2.34	rs11672619	 4.86e-02	 -4.91	 2.3421	 66	  1	lasso	0.03706	 2.48e-05	 -2.34211	1.92e-02
./fusion_twas/WEIGHTS/Blood_LDL/CTD-2619J13.17_500kb.wgt.RDat	CTD-2619J13.17	19	58939999	58942515	0.1453	rs12462540	 -3.11	rs10423138	 1.50e-01	 -8.23	 0.2069	110	  6	lasso	0.14278	 7.73e-17	 -0.18408	8.54e-01
./fusion_twas/WEIGHTS/Blood_LDL/CAPNS1_500kb.wgt.RDat	CAPNS1	19	36630477	36641255	0.0630	rs12460721	  2.41	rs7246292	 3.06e-02	  4.53	 1.4906	122	122	prs	0.03308	 6.51e-05	 -0.02091	9.83e-01
./fusion_twas/WEIGHTS/Blood_LDL/YIF1B_500kb.wgt.RDat	YIF1B	19	38795753	38807913	0.0812	rs7253473	 -2.14	rs931750	 5.34e-02	  5.96	 0.4531	119	  3	lasso	0.05501	 3.16e-07	  0.28646	7.75e-01
./fusion_twas/WEIGHTS/Blood_LDL/ZNF671_500kb.wgt.RDat	ZNF671	19	58231119	58238992	0.1214	rs12462540	 -3.11	rs525221	 4.61e-03	  4.12	 0.1333	200	200	prs	0.03746	 2.24e-05	 -1.06027	2.89e-01
./fusion_twas/WEIGHTS/Blood_LDL/RCN3_500kb.wgt.RDat	RCN3	19	50030875	50050219	0.0952	rs283533	 -2.44	rs2878342	 3.13e-02	 -3.87	 1.9360	117	 18	enet	0.01941	 1.83e-03	 -1.47898	1.39e-01
./fusion_twas/WEIGHTS/Blood_LDL/GPATCH1_500kb.wgt.RDat	GPATCH1	19	33571786	33621448	0.0844	rs1423056	 -2.95	rs1981818	 2.35e-02	  4.45	 2.2963	191	  3	lasso	0.02575	 3.87e-04	  1.61112	1.07e-01
./fusion_twas/WEIGHTS/Blood_LDL/CHAF1A_500kb.wgt.RDat	CHAF1A	19	 4402659	 4445015	0.1375	rs2251519	 -3.45	rs243365	 1.21e-01	  7.40	 2.5303	161	  3	lasso	0.12049	 2.53e-14	  2.58854	9.64e-03
./fusion_twas/WEIGHTS/Blood_LDL/ZNF615_500kb.wgt.RDat	ZNF615	19	52494585	52511483	0.0815	rs9973239	 -3.52	rs17835885	-1.09e-03	  3.29	 0.3377	262	262	prs	0.02052	 1.40e-03	 -0.48703	6.26e-01
./fusion_twas/WEIGHTS/Blood_LDL/CYP2S1_500kb.wgt.RDat	CYP2S1	19	41698954	41713444	0.3593	rs2279011	 -4.13	rs338600	 9.37e-02	 -7.43	 0.5349	151	  6	lasso	0.13676	 3.75e-16	 -1.54116	1.23e-01
./fusion_twas/WEIGHTS/Blood_LDL/MARCH2_500kb.wgt.RDat	MARCH2	19	 8478154	 8503901	0.4329	rs12610448	  2.10	rs3810213	 3.80e-01	  0.00	 0.4634	151	  2	lasso	0.37622	 9.24e-48	  1.18793	2.35e-01
./fusion_twas/WEIGHTS/Blood_LDL/ZNF708_500kb.wgt.RDat	ZNF708	19	21473962	21512227	0.1987	rs7253306	  2.76	rs8112960	 2.42e-01	-10.40	-0.5926	 79	  4	lasso	0.24926	 9.01e-30	  0.55077	5.82e-01
./fusion_twas/WEIGHTS/Blood_LDL/ZNF256_500kb.wgt.RDat	ZNF256	19	58452201	58459043	0.0673	rs12462540	 -3.11	rs1483651	 1.26e-02	 -4.20	-2.0333	181	 15	enet	0.03078	 1.14e-04	  1.76973	7.68e-02
./fusion_twas/WEIGHTS/Blood_LDL/TMEM91_500kb.wgt.RDat	TMEM91	19	41856816	41889988	0.1858	rs2241718	  3.48	rs1046909	 1.78e-01	  8.95	-2.0556	139	 32	enet	0.17476	 1.48e-20	 -0.99919	3.18e-01
./fusion_twas/WEIGHTS/Blood_LDL/ARRDC5_500kb.wgt.RDat	ARRDC5	19	 4890449	 4902879	0.1589	rs2251519	 -3.45	rs2261988	 1.34e-01	  7.72	-0.2500	171	  4	lasso	0.12915	 2.71e-15	 -0.46216	6.44e-01
./fusion_twas/WEIGHTS/Blood_LDL/PGLYRP1_500kb.wgt.RDat	PGLYRP1	19	46522411	46526323	0.0668	rs732841	 -6.44	rs3764610	 1.42e-02	  3.96	 0.6623	183	  5	enet	0.04425	 4.33e-06	 -2.21525	2.67e-02
./fusion_twas/WEIGHTS/Blood_LDL/RPS9_500kb.wgt.RDat	RPS9	19	54704610	54752862	0.3739	rs730592	  2.67	rs17305311	 2.81e-01	-11.87	-0.3962	189	 16	enet	0.39500	 1.00e-50	  0.62322	5.33e-01
./fusion_twas/WEIGHTS/Blood_LDL/CYP4F12_500kb.wgt.RDat	CYP4F12	19	15783567	15807984	0.1592	rs2204000	 -2.51	rs10407836	 1.02e-01	  7.22	-0.2034	236	 19	enet	0.13295	 1.01e-15	 -1.64787	9.94e-02
./fusion_twas/WEIGHTS/Blood_LDL/GLTSCR2_500kb.wgt.RDat	GLTSCR2	19	48248779	48260315	0.0587	rs2974240	  3.10	rs11670259	 6.37e-03	 -3.58	-1.4483	176	176	prs	0.01695	 3.37e-03	 -0.03300	9.74e-01
./fusion_twas/WEIGHTS/Blood_LDL/MRPL34_500kb.wgt.RDat	MRPL34	19	17403418	17417652	0.0762	rs13345062	  3.06	rs3826700	 7.27e-02	  6.06	 0.4528	175	 12	enet	0.06191	 5.88e-08	  0.56363	5.73e-01
./fusion_twas/WEIGHTS/Blood_LDL/ZNF761_500kb.wgt.RDat	ZNF761	19	53935227	53961515	0.2277	rs3960965	  2.55	rs7246687	 1.44e-01	 -8.10	 2.1111	189	  4	lasso	0.14860	 1.67e-17	 -2.25444	2.42e-02
./fusion_twas/WEIGHTS/Blood_LDL/ZNF772_500kb.wgt.RDat	ZNF772	19	57978031	57988938	0.3937	rs726260	  2.83	rs11084499	 4.57e-01	 14.19	-0.3276	206	 52	enet	0.50300	 8.87e-70	 -0.91478	3.60e-01
./fusion_twas/WEIGHTS/Blood_LDL/ZNF28_500kb.wgt.RDat	ZNF28	19	53300662	53360853	0.1184	rs3960965	  2.55	rs8112051	 1.74e-02	  0.00	 2.3148	190	190	prs	0.02263	 8.30e-04	 -1.94132	5.22e-02
./fusion_twas/WEIGHTS/Blood_LDL/RDH13_500kb.wgt.RDat	RDH13	19	55550476	55582659	0.2816	rs4801655	  2.77	rs1654431	 2.03e-01	 -9.91	 0.3774	186	 26	enet	0.32782	 1.64e-40	 -0.37304	7.09e-01
./fusion_twas/WEIGHTS/Blood_LDL/ZNF432_500kb.wgt.RDat	ZNF432	19	52534632	52598991	0.0637	rs9973239	 -3.52	rs2054191	 4.00e-02	  0.00	 0.6628	251	 20	enet	0.04352	 5.16e-06	  1.45854	1.45e-01
./fusion_twas/WEIGHTS/Blood_LDL/DPP9_500kb.wgt.RDat	DPP9	19	 4675236	 4724685	0.2554	rs2251519	 -3.45	rs8101703	 2.41e-01	 10.31	 1.1717	171	  2	lasso	0.23784	 2.65e-28	  1.13587	2.56e-01
./fusion_twas/WEIGHTS/Blood_LDL/FCAR_500kb.wgt.RDat	FCAR	19	55385704	55401838	0.1934	rs8109349	 -2.57	rs11672983	 1.31e-01	  7.69	 1.0862	185	  3	lasso	0.14569	 3.59e-17	  1.50796	1.32e-01
./fusion_twas/WEIGHTS/Blood_LDL/RINL_500kb.wgt.RDat	RINL	19	39358470	39368919	0.0752	rs7359950	  2.60	rs1052375	 5.69e-02	  0.00	-0.0167	137	  2	lasso	0.05563	 2.72e-07	 -0.64660	5.18e-01
./fusion_twas/WEIGHTS/Blood_LDL/SLC44A2_500kb.wgt.RDat	SLC44A2	19	10713133	10755235	0.1984	rs8099996	-15.10	rs3087969	 4.75e-02	 -6.34	-7.5385	131	 13	enet	0.13348	 8.80e-16	  5.86806	4.41e-09
./fusion_twas/WEIGHTS/Blood_LDL/COX6B1_500kb.wgt.RDat	COX6B1	19	36139125	36149763	0.0961	rs1633921	 -3.62	rs107068	 8.27e-02	 -6.22	-0.3077	199	  3	lasso	0.07355	 3.37e-09	  0.28711	7.74e-01
./fusion_twas/WEIGHTS/Blood_LDL/VSTM1_500kb.wgt.RDat	VSTM1	19	54544079	54567207	0.6625	rs730592	  2.67	rs10500316	 4.79e-01	 14.51	 1.8250	176	 20	enet	0.62744	 1.13e-97	  0.21886	8.27e-01
./fusion_twas/WEIGHTS/Blood_LDL/ZNF304_500kb.wgt.RDat	ZNF304	19	57862675	57871266	0.2005	rs726260	  2.83	rs7246131	 9.80e-02	 -7.21	 2.0339	216	  8	lasso	0.12541	 7.14e-15	 -1.31444	1.89e-01
./fusion_twas/WEIGHTS/Blood_LDL/ZNF587B_500kb.wgt.RDat	ZNF587B	19	58331099	58370018	0.1674	rs12462540	 -3.11	rs2285614	 1.43e-01	 -8.05	 1.7593	199	199	blup	0.13374	 8.23e-16	 -1.16342	2.45e-01
./fusion_twas/WEIGHTS/Blood_LDL/CTC-559E9.6_500kb.wgt.RDat	CTC-559E9.6	19	19887411	19945736	0.0805	rs10500212	-13.66	rs248941	 5.28e-02	  5.74	-1.8406	104	  2	lasso	0.04843	 1.57e-06	 -1.86468	6.22e-02
./fusion_twas/WEIGHTS/Blood_LDL/ZNF30_500kb.wgt.RDat	ZNF30	19	35417807	35436074	0.0877	rs1633921	 -3.62	rs10411036	 6.04e-02	 -5.41	-0.7037	186	  2	lasso	0.05598	 2.49e-07	  0.85978	3.90e-01
./fusion_twas/WEIGHTS/Blood_LDL/ZNF234_500kb.wgt.RDat	ZNF234	19	44645710	44663156	0.1088	rs17800789	 -9.64	rs4802189	 7.76e-02	  0.00	-0.0282	193	  5	lasso	0.10706	 7.79e-13	 -1.52190	1.28e-01
./fusion_twas/WEIGHTS/Blood_LDL/LRRC25_500kb.wgt.RDat	LRRC25	19	18501954	18508427	0.1394	rs1075403	  3.58	rs13344313	 4.71e-02	 -5.94	 2.6984	142	  5	enet	0.09401	 2.09e-11	 -2.02106	4.33e-02
./fusion_twas/WEIGHTS/Blood_LDL/LILRB2_500kb.wgt.RDat	LILRB2	19	54777675	54785039	0.2346	rs730592	  2.67	rs410852	 1.18e-01	  7.42	 0.6087	180	 27	enet	0.13788	 2.79e-16	  0.74140	4.58e-01
./fusion_twas/WEIGHTS/Blood_LDL/CTC-523E23.4_500kb.wgt.RDat	CTC-523E23.4	19	35279486	35323773	0.1163	rs1633921	 -3.62	rs749981	 1.01e-01	 -6.74	 0.2982	165	  2	lasso	0.09236	 3.17e-11	 -0.47733	6.33e-01
./fusion_twas/WEIGHTS/Blood_LDL/NDUFA3_500kb.wgt.RDat	NDUFA3	19	54606036	54612564	0.0759	rs730592	  2.67	rs254259	 4.66e-02	  5.05	-0.6250	174	  2	lasso	0.02943	 1.58e-04	 -0.94528	3.45e-01
./fusion_twas/WEIGHTS/Blood_LDL/ZNF773_500kb.wgt.RDat	ZNF773	19	58011283	58029772	0.1475	rs726260	  2.83	rs2074075	 6.69e-02	 -5.88	 2.0702	207	 30	enet	0.09450	 1.85e-11	 -1.69698	8.97e-02
./fusion_twas/WEIGHTS/Blood_LDL/LRFN1_500kb.wgt.RDat	LRFN1	19	39797208	39805976	0.0555	rs10424351	  3.87	rs194014	 2.73e-02	 -4.66	-0.2951	154	154	prs	0.03342	 5.99e-05	  0.18789	8.51e-01
./fusion_twas/WEIGHTS/Blood_LDL/ZFP82_500kb.wgt.RDat	ZFP82	19	36874022	36909558	0.2134	rs12460721	  2.41	rs2857	 2.07e-01	 -9.91	 2.2063	103	  4	lasso	0.25802	 6.49e-31	 -1.37836	1.68e-01
./fusion_twas/WEIGHTS/Blood_LDL/CEACAM19_500kb.wgt.RDat	CEACAM19	19	45165545	45187631	0.1092	rs1531517	-27.52	rs2965155	 4.35e-02	  4.79	 5.0000	169	 11	enet	0.03828	 1.84e-05	 11.07112	1.73e-28
./fusion_twas/WEIGHTS/Blood_LDL/QTRT1_500kb.wgt.RDat	QTRT1	19	10812106	10824113	0.0512	rs8099996	-15.10	rs17291414	-1.37e-03	  0.00	 1.2154	140	140	prs	0.01303	 8.97e-03	-12.53835	4.60e-36
./fusion_twas/WEIGHTS/Blood_LDL/KLF2_500kb.wgt.RDat	KLF2	19	16435628	16438685	0.2855	rs2241400	  2.23	rs4808485	 2.50e-01	 10.48	-0.0541	147	  2	lasso	0.24845	 1.15e-29	 -0.05489	9.56e-01
./fusion_twas/WEIGHTS/Blood_LDL/GATAD2A_500kb.wgt.RDat	GATAD2A	19	19496635	19619740	0.0610	rs10500212	-13.66	rs4808200	 3.29e-02	  4.60	-6.8205	134	134	prs	0.03615	 3.09e-05	 -5.34781	8.90e-08
./fusion_twas/WEIGHTS/Blood_LDL/CTB-61M7.2_500kb.wgt.RDat	CTB-61M7.2	19	55402039	55402786	0.1586	rs8109349	 -2.57	rs11672983	 9.70e-02	  6.74	 1.0862	185	 13	enet	0.09726	 9.25e-12	  1.52122	1.28e-01
./fusion_twas/WEIGHTS/Blood_LDL/NUCB1_500kb.wgt.RDat	NUCB1	19	49403307	49426629	0.1037	rs516246	  7.46	rs518822	 6.17e-02	 -5.48	 0.1765	156	  2	lasso	0.05458	 3.51e-07	 -0.20869	8.35e-01
./fusion_twas/WEIGHTS/Blood_LDL/ZNF471_500kb.wgt.RDat	ZNF471	19	57019212	57041590	0.1912	rs2288856	  2.80	rs960996	 9.91e-02	  7.14	-1.2167	237	  3	lasso	0.09577	 1.34e-11	 -1.08760	2.77e-01
./fusion_twas/WEIGHTS/Blood_LDL/KIAA1683_500kb.wgt.RDat	KIAA1683	19	18367908	18385319	0.2595	rs1075403	  3.58	rs12461701	 2.46e-01	-10.81	-2.1333	148	  5	lasso	0.32846	 1.33e-40	  3.22706	1.25e-03
./fusion_twas/WEIGHTS/Blood_LDL/CTC-550B14.7_500kb.wgt.RDat	CTC-550B14.7	19	55517561	55559454	0.2814	rs4801655	  2.77	rs1654431	 1.59e-01	 -9.18	 0.3774	189	189	prs	0.28886	 4.86e-35	 -0.30355	7.61e-01
./fusion_twas/WEIGHTS/Blood_LDL/ZNF154_500kb.wgt.RDat	ZNF154	19	58208735	58220579	0.2721	rs12462540	 -3.11	rs2074081	 4.81e-02	 -6.02	 0.0135	199	 29	enet	0.13726	 3.29e-16	  2.28978	2.20e-02
./fusion_twas/WEIGHTS/Blood_LDL/ACP5_500kb.wgt.RDat	ACP5	19	11685475	11689823	0.5143	rs688	 14.59	rs4804629	 1.06e-01	 -7.63	 1.3585	129	 28	enet	0.33645	 9.15e-42	 -1.92384	5.44e-02
./fusion_twas/WEIGHTS/Blood_LDL/ZNF85_500kb.wgt.RDat	ZNF85	19	21106028	21133503	0.1303	rs7253306	  2.76	rs11085405	 5.06e-02	  5.31	 0.5769	 80	 80	blup	0.09604	 1.26e-11	 -0.04196	9.67e-01
./fusion_twas/WEIGHTS/Blood_LDL/IRF3_500kb.wgt.RDat	IRF3	19	50162826	50169132	0.0717	rs957738	 -3.02	rs7259683	 7.21e-02	  6.02	 0.9365	100	  3	lasso	0.06392	 3.59e-08	  0.88606	3.76e-01
./fusion_twas/WEIGHTS/Blood_LDL/CEBPG_500kb.wgt.RDat	CEBPG	19	33864236	33873592	0.0897	rs1423056	 -2.95	rs10425678	 3.42e-02	  4.80	-0.4615	216	216	prs	0.04541	 3.26e-06	 -1.48767	1.37e-01
./fusion_twas/WEIGHTS/Blood_LDL/SUGP2_500kb.wgt.RDat	SUGP2	19	19101697	19144832	0.0639	rs1859287	 -9.62	rs4808171	 4.73e-02	  4.73	-0.2424	113	 10	enet	0.03625	 3.01e-05	 -0.15330	8.78e-01
./fusion_twas/WEIGHTS/Blood_LDL/TNNT1_500kb.wgt.RDat	TNNT1	19	55644162	55660722	0.2806	rs4801655	  2.77	rs6509933	 1.59e-01	  8.48	-2.4237	185	 21	enet	0.21874	 6.80e-26	 -1.64459	1.00e-01
./fusion_twas/WEIGHTS/Blood_LDL/ZNF573_500kb.wgt.RDat	ZNF573	19	38226734	38307940	0.0509	rs7253473	 -2.14	rs1116234	 5.58e-02	  5.05	 0.6500	104	  1	lasso	0.04580	 2.97e-06	  0.65000	5.16e-01
./fusion_twas/WEIGHTS/Blood_LDL/KRI1_500kb.wgt.RDat	KRI1	19	10663761	10676713	0.2580	rs8099996	-15.10	rs1465701	 7.16e-02	 -5.68	-1.8226	129	  4	lasso	0.18202	 2.04e-21	  1.26307	2.07e-01
./fusion_twas/WEIGHTS/Blood_LDL/TFPT_500kb.wgt.RDat	TFPT	19	54610320	54619055	0.1073	rs730592	  2.67	rs16985367	 5.21e-02	 -4.98	-0.5128	170	  3	lasso	0.02873	 1.87e-04	  0.82824	4.08e-01
./fusion_twas/WEIGHTS/Blood_LDL/PTPRS_500kb.wgt.RDat	PTPRS	19	 5158506	 5340814	0.1068	rs2251519	 -3.45	rs7251802	 3.40e-02	  5.11	 1.4839	200	  2	lasso	0.03443	 4.69e-05	  1.05322	2.92e-01
./fusion_twas/WEIGHTS/Blood_LDL/U2AF1L4_500kb.wgt.RDat	U2AF1L4	19	36233365	36236346	0.4973	rs2733744	 -2.83	rs2871921	 4.48e-01	 14.06	 0.1829	190	  4	lasso	0.52511	 3.47e-74	  0.38722	6.99e-01
./fusion_twas/WEIGHTS/Blood_LDL/TSPAN16_500kb.wgt.RDat	TSPAN16	19	11406824	11437672	0.1772	rs8099996	-15.10	rs7417	 1.05e-01	 -6.90	 0.7857	139	  4	lasso	0.10602	 1.02e-12	 -0.47428	6.35e-01
./fusion_twas/WEIGHTS/Blood_LDL/C19orf40_500kb.wgt.RDat	C19orf40	19	33463115	33469128	0.2509	rs1423056	 -2.95	rs751731	 1.89e-01	  9.18	-1.2034	166	  3	lasso	0.18567	 7.46e-22	 -1.31464	1.89e-01
./fusion_twas/WEIGHTS/Blood_LDL/ZNF160_500kb.wgt.RDat	ZNF160	19	53569859	53606689	0.3831	rs3960965	  2.55	rs8100002	 2.15e-01	 -9.76	-0.3250	193	 31	enet	0.26784	 3.30e-32	 -0.55246	5.81e-01
./fusion_twas/WEIGHTS/Blood_LDL/CLASRP_500kb.wgt.RDat	CLASRP	19	45542298	45574214	0.0646	rs1531517	-27.52	rs7258420	 1.23e-02	  3.79	-2.8125	136	136	prs	0.03724	 2.37e-05	 -1.37732	1.68e-01
./fusion_twas/WEIGHTS/Blood_LDL/ZNF284_500kb.wgt.RDat	ZNF284	19	44576297	44593766	0.0614	rs17800789	 -9.64	rs454904	 6.14e-02	 -5.46	-0.7895	193	  7	lasso	0.04903	 1.36e-06	  0.68606	4.93e-01
./fusion_twas/WEIGHTS/Blood_LDL/ECSIT_500kb.wgt.RDat	ECSIT	19	11616731	11639989	0.0422	rs8099996	-15.10	rs279215	 3.08e-03	  3.72	 2.4000	133	133	prs	0.02101	 1.24e-03	  3.72077	1.99e-04
./fusion_twas/WEIGHTS/Blood_LDL/ZNF83_500kb.wgt.RDat	ZNF83	19	53097313	53193749	0.7193	rs8112051	  2.31	rs10401904	 4.59e-01	-14.23	 0.0794	198	 17	enet	0.65471	4.98e-105	 -0.11450	9.09e-01
./fusion_twas/WEIGHTS/Blood_LDL/ZNF559_500kb.wgt.RDat	ZNF559	19	 9434448	 9461838	0.0419	rs4435373	  2.43	rs10401135	 4.02e-02	  4.35	-0.1538	134	  2	lasso	0.03113	 1.04e-04	 -0.28110	7.79e-01
./fusion_twas/WEIGHTS/Blood_LDL/ZNF283_500kb.wgt.RDat	ZNF283	19	44331444	44353307	0.0686	rs1582	  5.41	rs349027	 1.59e-02	  4.13	-0.0548	174	174	prs	0.02775	 2.38e-04	  0.87329	3.83e-01
./fusion_twas/WEIGHTS/Blood_LDL/ZNF266_500kb.wgt.RDat	ZNF266	19	 9523272	 9546254	0.5476	rs4435373	  2.43	rs11880207	 7.64e-01	-18.35	-0.1887	126	 10	enet	0.77171	4.77e-145	  0.00930	9.93e-01
./fusion_twas/WEIGHTS/Blood_LDL/ZNF320_500kb.wgt.RDat	ZNF320	19	53367043	53400946	0.4979	rs3960965	  2.55	rs3810115	 3.02e-01	 11.53	-0.3158	185	 17	enet	0.41849	 1.45e-54	 -0.64009	5.22e-01
./fusion_twas/WEIGHTS/Blood_LDL/CTD-2545M3.8_500kb.wgt.RDat	CTD-2545M3.8	19	50990067	50990895	0.1175	rs957738	 -3.02	rs3852863	 7.67e-02	  5.91	-1.6786	186	  5	lasso	0.07206	 4.87e-09	 -1.30306	1.93e-01
./fusion_twas/WEIGHTS/Blood_LDL/MYO9B_500kb.wgt.RDat	MYO9B	19	17186591	17325346	0.0998	rs13345062	  3.06	rs12461804	 1.66e-02	  0.00	-1.7800	179	  2	lasso	0.03268	 7.17e-05	 -0.11145	9.11e-01
./fusion_twas/WEIGHTS/Blood_LDL/KIAA0355_500kb.wgt.RDat	KIAA0355	19	34745442	34846491	0.1070	rs2377296	  2.84	rs4290576	 1.13e-01	  7.51	 0.0370	168	  2	lasso	0.10475	 1.40e-12	 -0.47952	6.32e-01
./fusion_twas/WEIGHTS/Blood_LDL/MAN2B1_500kb.wgt.RDat	MAN2B1	19	12757325	12777556	0.0756	rs7259253	  3.78	rs3815914	 5.84e-02	 -5.94	 0.4643	 91	  3	lasso	0.05646	 2.22e-07	 -0.48881	6.25e-01
./fusion_twas/WEIGHTS/Blood_LDL/ZNF814_500kb.wgt.RDat	ZNF814	19	58360099	58400442	0.1159	rs12462540	 -3.11	rs2285614	 6.76e-02	 -5.61	 1.7593	194	 15	enet	0.09792	 7.85e-12	 -0.30653	7.59e-01
./fusion_twas/WEIGHTS/Blood_LDL/ZNF253_500kb.wgt.RDat	ZNF253	19	19976695	20005483	0.0877	rs10500212	-13.66	rs4809014	 6.16e-02	 -5.57	-1.6765	 94	  4	lasso	0.06259	 4.97e-08	  1.66377	9.62e-02
./fusion_twas/WEIGHTS/Blood_LDL/ZNF577_500kb.wgt.RDat	ZNF577	19	52359055	52394203	0.1308	rs9973239	 -3.52	rs892039	 8.42e-02	 -6.17	-1.9494	273	  5	lasso	0.08674	 1.29e-10	  1.87301	6.11e-02
./fusion_twas/WEIGHTS/Blood_LDL/SAMD4B_500kb.wgt.RDat	SAMD4B	19	39833036	39876350	0.0520	rs10424351	  3.87	rs11669586	 5.18e-02	 -5.11	-0.7481	164	  5	lasso	0.04107	 9.34e-06	  0.38488	7.00e-01
./fusion_twas/WEIGHTS/Blood_LDL/SYMPK_500kb.wgt.RDat	SYMPK	19	46318668	46366548	0.0853	rs732841	 -6.44	rs10420834	 9.48e-02	 -6.63	-0.0678	172	  3	lasso	0.09401	 2.09e-11	  0.06297	9.50e-01
./fusion_twas/WEIGHTS/Blood_LDL/RPL18_500kb.wgt.RDat	RPL18	19	49118585	49122793	0.1004	rs516246	  7.46	rs433852	-9.00e-04	  3.45	-2.0390	175	 33	enet	0.02425	 5.58e-04	  0.65547	5.12e-01
./fusion_twas/WEIGHTS/Blood_LDL/ZNF440_500kb.wgt.RDat	ZNF440	19	11925099	11946016	0.0421	rs322141	  2.57	rs8099884	 3.23e-02	 -4.61	 0.6909	100	100	prs	0.03697	 2.53e-05	 -2.02421	4.29e-02
./fusion_twas/WEIGHTS/Blood_LDL/RPL13A_500kb.wgt.RDat	RPL13A	19	49990811	49995565	0.1132	rs283533	 -2.44	rs12610125	 3.45e-02	  0.00	-1.6379	110	  1	lasso	0.05425	 3.80e-07	  1.15625	2.48e-01
./fusion_twas/WEIGHTS/Blood_LDL/ANKRD27_500kb.wgt.RDat	ANKRD27	19	33087913	33167503	0.1890	rs6510263	 -2.59	rs259270	 5.10e-02	  6.14	-2.2373	155	  6	lasso	0.11502	 1.03e-13	 -2.74269	6.09e-03
./fusion_twas/WEIGHTS/Blood_LDL/ICAM4_500kb.wgt.RDat	ICAM4	19	10397643	10399198	0.1256	rs8106664	-11.52	rs3093032	 2.19e-02	  4.23	-3.1552	133	 18	enet	0.06101	 7.32e-08	  0.13604	8.92e-01
./fusion_twas/WEIGHTS/Blood_LDL/ZNF586_500kb.wgt.RDat	ZNF586	19	58281023	58331307	0.0716	rs12462540	 -3.11	rs12972098	 4.71e-02	  5.02	-1.3623	208	  9	enet	0.04061	 1.05e-05	 -1.81431	6.96e-02
./fusion_twas/WEIGHTS/Blood_LDL/ZNF180_500kb.wgt.RDat	ZNF180	19	44979854	45004576	0.0760	rs1531517	-27.52	rs2686768	 5.03e-02	  4.90	 0.9231	186	  7	enet	0.05133	 7.75e-07	  1.33351	1.82e-01
./fusion_twas/WEIGHTS/Blood_LDL/AC006129.4_500kb.wgt.RDat	AC006129.4	19	42041545	42043266	0.2703	rs2241718	  3.48	rs1076362	 2.26e-02	 -5.48	 1.2436	116	 21	enet	0.16117	 5.85e-19	 -0.35069	7.26e-01
./fusion_twas/WEIGHTS/Blood_LDL/ZNF121_500kb.wgt.RDat	ZNF121	19	 9671029	 9695209	0.1049	rs2287802	  4.22	rs8111172	 8.30e-02	  6.26	-0.1075	127	  4	lasso	0.09285	 2.80e-11	 -0.22980	8.18e-01
./fusion_twas/WEIGHTS/Blood_LDL/ZFP14_500kb.wgt.RDat	ZFP14	19	36827162	36870101	0.0424	rs12460721	  2.41	rs12971293	 1.15e-02	  4.05	 0.8500	107	107	prs	0.02039	 1.44e-03	 -0.55594	5.78e-01
./fusion_twas/WEIGHTS/Blood_LDL/ZNF331_500kb.wgt.RDat	ZNF331	19	54024235	54083523	0.2111	rs3960965	  2.55	rs12981308	 2.11e-01	  0.00	-1.1630	202	  1	lasso	0.20687	 2.00e-24	  0.13208	8.95e-01
./fusion_twas/WEIGHTS/Blood_LDL/LONP1_500kb.wgt.RDat	LONP1	19	 5691845	 5720583	0.0940	rs10423624	 -2.65	rs7256359	 6.52e-02	 -5.71	 0.6481	150	  2	lasso	0.05958	 1.04e-07	 -0.68176	4.95e-01
./fusion_twas/WEIGHTS/Blood_LDL/LINC00662_500kb.wgt.RDat	LINC00662	19	28175488	28284848	0.1529	rs4805815	  1.54	rs6510333	 1.91e-01	 -9.34	-0.9420	 96	  7	enet	0.19131	 1.57e-22	  0.85250	3.94e-01
./fusion_twas/WEIGHTS/Blood_LDL/LAIR1_500kb.wgt.RDat	LAIR1	19	54865362	54882165	0.0977	rs730592	  2.67	rs11669431	 2.37e-02	 -4.55	 1.6800	165	165	prs	0.04557	 3.14e-06	 -2.19292	2.83e-02
./fusion_twas/WEIGHTS/Blood_LDL/EMR4P_500kb.wgt.RDat	EMR4P	19	 6952511	 6990857	0.2665	rs168259	 -2.41	rs7248247	 1.25e-01	  8.36	-0.0246	183	  3	lasso	0.18580	 7.19e-22	  0.01787	9.86e-01
./fusion_twas/WEIGHTS/Blood_LDL/CAPS_500kb.wgt.RDat	CAPS	19	 5911718	 5915888	0.1515	rs10423624	 -2.65	rs639251	 1.26e-01	 -7.50	 1.2182	136	  4	lasso	0.12465	 8.67e-15	 -1.62960	1.03e-01
./fusion_twas/WEIGHTS/Blood_LDL/BABAM1_500kb.wgt.RDat	BABAM1	19	17378159	17392058	0.1176	rs13345062	  3.06	rs751599	 7.93e-02	  5.98	 0.3714	169	  3	lasso	0.10184	 2.92e-12	  1.69662	8.98e-02
./fusion_twas/WEIGHTS/Blood_LDL/ZNF417_500kb.wgt.RDat	ZNF417	19	58411664	58427978	0.1098	rs12462540	 -3.11	rs260424	 2.46e-03	  3.46	 2.4157	185	185	blup	0.00807	 3.20e-02	  1.95273	5.09e-02
./fusion_twas/WEIGHTS/Blood_LDL/FEM1A_500kb.wgt.RDat	FEM1A	19	 4791728	 4795571	0.0789	rs2251519	 -3.45	rs11085098	 8.08e-02	  6.06	-1.0725	163	  2	lasso	0.07723	 1.36e-09	 -0.98727	3.24e-01
./fusion_twas/WEIGHTS/Blood_LDL/C19orf12_500kb.wgt.RDat	C19orf12	19	30191721	30206364	0.0645	rs10411749	  2.86	rs16963154	 9.44e-02	  6.49	-0.4423	223	  1	lasso	0.08380	 2.67e-10	 -0.44231	6.58e-01
./fusion_twas/WEIGHTS/Blood_LDL/AC008984.2_500kb.wgt.RDat	AC008984.2	19	54820182	54848439	0.1115	rs730592	  2.67	rs1645784	 7.00e-02	 -5.74	-0.9060	170	 12	enet	0.09196	 3.50e-11	  0.29442	7.68e-01
./fusion_twas/WEIGHTS/Blood_LDL/TRIM28_500kb.wgt.RDat	TRIM28	19	59055458	59062089	0.0586	rs12462540	 -3.11	rs3794964	 1.61e-02	  4.17	 1.3636	 89	  9	enet	0.02209	 9.49e-04	  0.61497	5.39e-01
./fusion_twas/WEIGHTS/Blood_LDL/PPM1N_500kb.wgt.RDat	PPM1N	19	45992035	46005768	0.0748	rs3745157	 -9.79	rs4511641	 5.89e-02	  5.40	 0.2308	142	 15	enet	0.04954	 1.20e-06	  2.11154	3.47e-02
./fusion_twas/WEIGHTS/Blood_LDL/ZNF607_500kb.wgt.RDat	ZNF607	19	38187264	38210691	0.0888	rs705503	  2.07	rs17246792	 1.68e-02	 -4.70	-0.3962	 93	  7	lasso	0.06454	 3.09e-08	  0.21611	8.29e-01
./fusion_twas/WEIGHTS/Blood_LDL/CTC-459F4.1_500kb.wgt.RDat	CTC-459F4.1	19	28248092	28251757	0.3918	rs4805815	  1.54	rs6510333	 3.78e-01	 12.89	-0.9420	 93	 93	blup	0.40792	 8.09e-53	 -1.46973	1.42e-01
./fusion_twas/WEIGHTS/Blood_LDL/CTD-3138B18.5_500kb.wgt.RDat	CTD-3138B18.5	19	58768639	58790174	0.2344	rs12462540	 -3.11	rs432181	 1.41e-01	  8.65	 0.2778	131	 12	enet	0.19225	 1.21e-22	  0.48148	6.30e-01
./fusion_twas/WEIGHTS/Blood_LDL/RYR1_500kb.wgt.RDat	RYR1	19	38924339	39078204	0.0736	rs12151188	 -2.20	rs2960354	 2.58e-04	  3.96	-1.8846	149	149	prs	0.03583	 3.33e-05	 -0.35912	7.20e-01
./fusion_twas/WEIGHTS/Blood_LDL/CTD-2561J22.5_500kb.wgt.RDat	CTD-2561J22.5	19	21627043	21646710	0.2231	rs7253306	  2.76	rs8112960	 2.53e-01	-10.67	-0.5926	 86	  3	lasso	0.25652	 1.02e-30	  0.60244	5.47e-01
./fusion_twas/WEIGHTS/Blood_LDL/FKRP_500kb.wgt.RDat	FKRP	19	47249303	47280245	0.1397	rs4802307	 -4.24	rs3848528	 1.34e-01	  7.76	 2.5185	130	  2	lasso	0.13032	 2.00e-15	  2.64351	8.21e-03
./fusion_twas/WEIGHTS/Blood_LDL/LPAR2_500kb.wgt.RDat	LPAR2	19	19734477	19739739	0.0726	NA	    NA	NA	       NA	    NA	     NA	124	  0	lasso	0.06943	 9.31e-09	       NA	      NA
