FILE	ID	CHR	P0	P1	HSQ	BEST.GWAS.ID	BEST.GWAS.Z	EQTL.ID	EQTL.R2	EQTL.Z	EQTL.GWAS.Z	NSNP	NWGT	MODEL	MODELCV.R2	MODELCV.PV	TWAS.Z	TWAS.P
./fusion_twas/WEIGHTS/Blood_LDL/IL10RB_500kb.wgt.RDat	IL10RB	21	34638663	34669539	0.1301	rs1475835	-2.59	rs2833950	 0.032524	  0.00	-0.3273	191	  4	lasso	0.08393	 2.59e-10	-0.7157	0.474152
./fusion_twas/WEIGHTS/Blood_LDL/RRP1_500kb.wgt.RDat	RRP1	21	45209394	45225174	0.1602	rs162397	-2.77	rs2838418	 0.055928	  5.46	 0.3117	169	 11	enet	0.08026	 6.44e-10	 0.5064	0.612552
./fusion_twas/WEIGHTS/Blood_LDL/C21orf91_500kb.wgt.RDat	C21orf91	21	19161284	19191703	0.0898	rs1688182	 2.69	rs2298404	-0.000747	  3.44	 0.5588	213	213	prs	0.02021	 1.51e-03	 0.1314	0.895454
./fusion_twas/WEIGHTS/Blood_LDL/LINC00205_500kb.wgt.RDat	LINC00205	21	46713200	46717269	0.0372	rs9974061	-2.75	rs2255761	 0.003761	 -4.15	 0.1273	189	189	prs	0.02406	 5.85e-04	-0.4069	0.684113
./fusion_twas/WEIGHTS/Blood_LDL/TTC3_500kb.wgt.RDat	TTC3	21	38445526	38575413	0.3219	rs2835695	 3.00	rs2835583	 0.263798	-10.77	-0.7671	185	 31	enet	0.34232	 1.25e-42	 0.8744	0.381926
./fusion_twas/WEIGHTS/Blood_LDL/CSTB_500kb.wgt.RDat	CSTB	21	45192393	45196326	0.2738	rs162397	-2.77	rs2838371	 0.178055	 -9.30	 1.8519	164	  7	enet	0.27539	 3.24e-33	-1.9164	0.055315
./fusion_twas/WEIGHTS/Blood_LDL/AP001469.9_500kb.wgt.RDat	AP001469.9	21	47671463	47674047	0.0733	rs2277824	-3.58	rs2277824	 0.068303	 -5.75	-3.5811	156	  5	lasso	0.05706	 1.92e-07	 3.5817	0.000341
./fusion_twas/WEIGHTS/Blood_LDL/PDXK_500kb.wgt.RDat	PDXK	21	45138975	45182188	0.1309	rs162397	-2.77	rs2010795	 0.083510	  6.69	 0.7368	162	  3	lasso	0.09490	 1.67e-11	 0.8669	0.385979
./fusion_twas/WEIGHTS/Blood_LDL/WRB_500kb.wgt.RDat	WRB	21	40752170	40800454	0.4020	rs2837120	 3.19	rs2837006	 0.547542	 15.49	 1.0182	286	 10	enet	0.54573	 1.75e-78	 1.0118	0.311612
./fusion_twas/WEIGHTS/Blood_LDL/ITGB2-AS1_500kb.wgt.RDat	ITGB2-AS1	21	46340966	46349593	0.5535	rs3827260	 2.70	rs2070946	 0.280107	-11.84	-1.1698	232	 20	enet	0.39863	 2.61e-51	-0.0708	0.943523
./fusion_twas/WEIGHTS/Blood_LDL/ITSN1_500kb.wgt.RDat	ITSN1	21	35014706	35272165	0.2410	rs1475835	-2.59	rs2251854	 0.153503	 -8.69	 0.0256	238	  6	lasso	0.13913	 2.01e-16	-0.1530	0.878413
./fusion_twas/WEIGHTS/Blood_LDL/N6AMT1_500kb.wgt.RDat	N6AMT1	21	30244513	30257693	0.0574	rs10482993	 1.70	rs17734876	 0.058545	 -5.69	 0.0769	140	  4	lasso	0.05912	 1.16e-07	-0.3875	0.698385
./fusion_twas/WEIGHTS/Blood_LDL/DSTNP1_500kb.wgt.RDat	DSTNP1	21	48073470	48073934	0.1335	rs2277824	-3.58	rs11910707	 0.094787	  6.58	-0.6379	 82	  5	lasso	0.11864	 4.07e-14	-0.7612	0.446529
./fusion_twas/WEIGHTS/Blood_LDL/AP001468.1_500kb.wgt.RDat	AP001468.1	21	47612391	47613673	0.3319	rs2277824	-3.58	rs2254522	 0.290745	-11.32	-2.9104	160	 22	enet	0.30297	 5.50e-37	 2.6890	0.007168
./fusion_twas/WEIGHTS/Blood_LDL/PDE9A_500kb.wgt.RDat	PDE9A	21	44073746	44195619	0.0881	rs2284965	 2.23	rs11203213	 0.083769	  6.18	-0.1733	308	  4	lasso	0.10426	 1.58e-12	-0.4491	0.653371
./fusion_twas/WEIGHTS/Blood_LDL/LL21NC02-1C16.2_500kb.wgt.RDat	LL21NC02-1C16.2	21	46356218	46356869	0.1254	rs3827260	 2.70	rs3827260	 0.045604	  5.14	 2.7018	232	 12	enet	0.04801	 1.74e-06	 1.9845	0.047200
./fusion_twas/WEIGHTS/Blood_LDL/C21orf2_500kb.wgt.RDat	C21orf2	21	45748827	45759285	0.3772	rs690626	-2.40	rs2236441	 0.205668	 -9.52	-0.5652	191	  4	lasso	0.27993	 7.92e-34	 0.6459	0.518340
./fusion_twas/WEIGHTS/Blood_LDL/TMEM50B_500kb.wgt.RDat	TMEM50B	21	34804792	34852318	0.2407	rs1475835	-2.59	rs2834224	 0.276267	-11.09	-0.2075	216	  5	lasso	0.28268	 3.36e-34	 0.2335	0.815390
./fusion_twas/WEIGHTS/Blood_LDL/BX322557.10_500kb.wgt.RDat	BX322557.10	21	46707967	46711653	0.0609	rs9974061	-2.75	rs2838807	-0.001969	  3.50	-0.0185	189	189	prs	0.02154	 1.08e-03	-0.4825	0.629441
./fusion_twas/WEIGHTS/Blood_LDL/MORC3_500kb.wgt.RDat	MORC3	21	37692487	37758446	0.2264	rs128494	-2.95	rs7282050	 0.133552	  8.20	-0.2113	216	  3	lasso	0.16450	 2.39e-19	-0.6807	0.496042
./fusion_twas/WEIGHTS/Blood_LDL/S100B_500kb.wgt.RDat	S100B	21	48018875	48025121	0.5139	rs2277824	-3.58	rs9978018	 0.433093	  0.00	-0.3509	 98	 24	enet	0.55219	 7.18e-80	-0.2992	0.764818
./fusion_twas/WEIGHTS/Blood_LDL/CBR1_500kb.wgt.RDat	CBR1	21	37442239	37445464	0.1620	rs128494	-2.95	rs2835269	 0.068621	 -5.80	-2.0533	177	  6	lasso	0.08119	 5.11e-10	 1.7064	0.087931
./fusion_twas/WEIGHTS/Blood_LDL/PRDM15_500kb.wgt.RDat	PRDM15	21	43218385	43299591	0.2042	rs9976949	 3.40	rs7278220	 0.105103	  0.00	-0.3077	434	  4	lasso	0.19500	 5.61e-23	 0.3508	0.725742
./fusion_twas/WEIGHTS/Blood_LDL/C21orf49_500kb.wgt.RDat	C21orf49	21	34144411	34266043	0.1569	rs2833788	 3.02	rs648648	 0.027929	 -5.00	 0.7778	222	 36	enet	0.04584	 2.94e-06	 0.3594	0.719313
./fusion_twas/WEIGHTS/Blood_LDL/MRPS6_500kb.wgt.RDat	MRPS6	21	35445524	35515334	0.1678	rs765610	 3.06	rs8130507	 0.048174	  5.52	 0.2264	221	221	prs	0.11106	 2.82e-13	-0.2723	0.785420
./fusion_twas/WEIGHTS/Blood_LDL/IFNGR2_500kb.wgt.RDat	IFNGR2	21	34775202	34851655	0.1281	rs1475835	-2.59	rs9978223	 0.103380	  7.01	 0.1351	222	  2	lasso	0.10589	 1.05e-12	 0.1436	0.885817
./fusion_twas/WEIGHTS/Blood_LDL/PSMG1_500kb.wgt.RDat	PSMG1	21	40546695	40555777	0.0752	rs2836643	-3.01	rs2836616	 0.072349	  0.00	-1.0690	250	  5	lasso	0.06042	 8.44e-08	-0.8721	0.383161
./fusion_twas/WEIGHTS/Blood_LDL/KCNJ15_500kb.wgt.RDat	KCNJ15	21	39529128	39679279	0.1047	rs2836643	-3.01	rs2211860	 0.064273	  5.56	 0.4528	275	  2	lasso	0.05290	 5.29e-07	 0.4280	0.668623
./fusion_twas/WEIGHTS/Blood_LDL/PTTG1IP_500kb.wgt.RDat	PTTG1IP	21	46269500	46293752	0.2956	rs3827260	 2.70	rs235282	 0.220449	 -9.87	-1.7963	211	  5	lasso	0.30260	 6.19e-37	 1.7404	0.081787
./fusion_twas/WEIGHTS/Blood_LDL/SLC5A3_500kb.wgt.RDat	SLC5A3	21	35445870	35478559	0.1381	rs2300390	 2.84	rs2032313	 0.094031	  6.67	 0.5192	210	210	prs	0.10266	 2.37e-12	-0.0177	0.985861
./fusion_twas/WEIGHTS/Blood_LDL/UBE2G2_500kb.wgt.RDat	UBE2G2	21	46188955	46221934	0.0842	rs3827260	 2.70	rs6518204	 0.018290	 -4.49	 1.4364	214	214	prs	0.04269	 6.32e-06	 0.0432	0.965537
./fusion_twas/WEIGHTS/Blood_LDL/COL6A2_500kb.wgt.RDat	COL6A2	21	47518011	47552763	0.2738	rs2277824	-3.58	rs2839116	 0.083054	 -6.27	 1.5857	163	163	blup	0.13414	 7.40e-16	-2.6853	0.007247
./fusion_twas/WEIGHTS/Blood_LDL/OLIG1_500kb.wgt.RDat	OLIG1	21	34442450	34444726	0.2984	rs1475835	-2.59	rs928736	 0.222088	  9.91	-0.0339	195	  4	lasso	0.23893	 1.92e-28	-0.0415	0.966864
./fusion_twas/WEIGHTS/Blood_LDL/ITGB2_500kb.wgt.RDat	ITGB2	21	46305868	46351904	0.3252	rs3827260	 2.70	rs760462	 0.252381	-10.58	 1.8298	234	  4	lasso	0.26511	 7.58e-32	-1.9450	0.051779
./fusion_twas/WEIGHTS/Blood_LDL/TMPRSS3_500kb.wgt.RDat	TMPRSS3	21	43791999	43816955	0.2929	rs2284965	 2.23	rs11909987	 0.152750	  8.45	 0.2000	390	 39	enet	0.21713	 1.08e-25	 0.8014	0.422873
./fusion_twas/WEIGHTS/Blood_LDL/AP001055.1_500kb.wgt.RDat	AP001055.1	21	45587818	45593580	0.0690	NA	   NA	NA	       NA	    NA	     NA	172	  0	lasso	0.07516	 2.27e-09	     NA	      NA
./fusion_twas/WEIGHTS/Blood_LDL/MRPL39_500kb.wgt.RDat	MRPL39	21	26957968	26979829	0.0640	rs17794802	-3.16	rs2829538	 0.045220	  0.00	-0.0339	129	129	prs	0.03050	 1.22e-04	-0.6794	0.496900
./fusion_twas/WEIGHTS/Blood_LDL/UBASH3A_500kb.wgt.RDat	UBASH3A	21	43824008	43867791	0.4716	rs2284965	 2.23	rs1893592	 0.335526	 12.19	 0.2167	375	  5	lasso	0.33410	 2.02e-41	 0.2243	0.822492
./fusion_twas/WEIGHTS/Blood_LDL/BACH1_500kb.wgt.RDat	BACH1	21	30566392	31003071	0.0513	rs10432780	 2.29	rs2832141	 0.028915	  4.34	 0.1930	209	  4	lasso	0.02385	 6.16e-04	 0.2974	0.766169
./fusion_twas/WEIGHTS/Blood_LDL/PCNT_500kb.wgt.RDat	PCNT	21	47744036	47865682	0.1324	rs2277824	-3.58	rs2277824	 0.039098	 -5.74	-3.5811	151	 32	enet	0.08796	 9.50e-11	 1.8503	0.064276
./fusion_twas/WEIGHTS/Blood_LDL/IFNAR2_500kb.wgt.RDat	IFNAR2	21	34602206	34637980	0.2323	rs1475835	-2.59	rs2236758	 0.227134	-10.17	-0.5741	189	  6	enet	0.26650	 4.96e-32	 0.5320	0.594710
./fusion_twas/WEIGHTS/Blood_LDL/MX1_500kb.wgt.RDat	MX1	21	42792231	42831141	0.0808	rs9976949	 3.40	rs468105	-0.001797	 -4.14	 0.0182	331	331	prs	0.01711	 3.23e-03	 0.2174	0.827931
./fusion_twas/WEIGHTS/Blood_LDL/NRIP1_500kb.wgt.RDat	NRIP1	21	16333556	16437321	0.1177	rs2822994	 2.83	rs2142219	 0.000689	 -3.65	 2.0115	222	 28	enet	0.03892	 1.58e-05	-0.4276	0.668949
./fusion_twas/WEIGHTS/Blood_LDL/KCNE1_500kb.wgt.RDat	KCNE1	21	35818988	35884573	0.0688	rs1029225	-3.76	rs8131131	 0.009461	 -4.30	-0.6481	252	  4	lasso	0.01062	 1.66e-02	 0.8744	0.381875
./fusion_twas/WEIGHTS/Blood_LDL/LSS_500kb.wgt.RDat	LSS	21	47608055	47648738	0.4739	rs2277824	-3.58	rs2254522	 0.336974	-12.27	-2.9104	160	  8	lasso	0.40166	 8.47e-52	 2.2225	0.026252
./fusion_twas/WEIGHTS/Blood_LDL/CBR3_500kb.wgt.RDat	CBR3	21	37507210	37518864	0.2539	rs128494	-2.95	rs4817775	 0.241126	-10.33	 0.9815	181	  6	lasso	0.26465	 8.71e-32	-1.0575	0.290290
./fusion_twas/WEIGHTS/Blood_LDL/HMGN1_500kb.wgt.RDat	HMGN1	21	40714241	40721573	0.0719	rs2837120	 3.19	rs454902	 0.012271	  3.81	-1.2794	256	256	prs	0.02123	 1.17e-03	-1.3429	0.179296
./fusion_twas/WEIGHTS/Blood_LDL/C21orf58_500kb.wgt.RDat	C21orf58	21	47720095	47743789	0.0536	rs2277824	-3.58	rs2839151	 0.000922	 -4.00	 0.2947	154	154	prs	0.00767	 3.55e-02	-0.2210	0.825101
./fusion_twas/WEIGHTS/Blood_LDL/PIGP_500kb.wgt.RDat	PIGP	21	38431470	38445470	0.1852	rs2835695	 3.00	rs2249828	 0.141685	  8.89	-0.9825	166	  8	enet	0.20071	 1.14e-23	-0.7371	0.461092
./fusion_twas/WEIGHTS/Blood_LDL/COL18A1_500kb.wgt.RDat	COL18A1	21	46825052	46933634	0.3592	rs9974061	-2.75	rs9977482	 0.254537	-10.62	-2.0000	193	 16	enet	0.25581	 1.27e-30	 1.8127	0.069874
./fusion_twas/WEIGHTS/Blood_LDL/IFNAR1_500kb.wgt.RDat	IFNAR1	21	34696734	34732168	0.0704	rs1475835	-2.59	rs1058867	 0.037562	 -5.66	 0.7736	207	  4	enet	0.06958	 8.96e-09	-0.7489	0.453922
./fusion_twas/WEIGHTS/Blood_LDL/YBEY_500kb.wgt.RDat	YBEY	21	47706251	47717665	0.4914	rs2277824	-3.58	rs2839178	 0.227879	 11.31	-3.1228	154	  8	lasso	0.43115	 1.07e-56	-3.4082	0.000654
./fusion_twas/WEIGHTS/Blood_LDL/URB1_500kb.wgt.RDat	URB1	21	33683329	33765335	0.1331	rs2833788	 3.02	rs2251336	 0.105874	  7.22	 2.9195	189	  4	lasso	0.11102	 2.85e-13	 2.7237	0.006455
./fusion_twas/WEIGHTS/Blood_LDL/DIP2A_500kb.wgt.RDat	DIP2A	21	47878812	47989926	0.5668	rs2277824	-3.58	rs11700515	 0.520510	  0.00	-0.3455	123	 30	enet	0.66011	1.49e-106	-0.4227	0.672516
./fusion_twas/WEIGHTS/Blood_LDL/SETD4_500kb.wgt.RDat	SETD4	21	37406839	37451687	0.0697	rs128494	-2.95	rs8128397	 0.031208	  0.00	-0.5775	182	  2	lasso	0.05616	 2.39e-07	-0.7593	0.447688
./fusion_twas/WEIGHTS/Blood_LDL/HLCS_500kb.wgt.RDat	HLCS	21	38123189	38362536	0.1829	rs2835695	 3.00	rs762376	 0.229668	-10.11	-0.1346	213	  6	enet	0.24677	 1.89e-29	 0.1161	0.907597
./fusion_twas/WEIGHTS/Blood_LDL/ICOSLG_500kb.wgt.RDat	ICOSLG	21	45642874	45660849	0.0960	rs11909068	 2.27	rs2032327	 0.015197	 -4.67	-1.5472	192	 11	enet	0.03977	 1.28e-05	 1.0761	0.281896
./fusion_twas/WEIGHTS/Blood_LDL/ABCC13_500kb.wgt.RDat	ABCC13	21	15608527	15735075	0.2453	rs3115512	-2.82	rs2822524	 0.163290	 -8.52	-0.3077	210	  6	lasso	0.21912	 6.09e-26	 0.4961	0.619804
./fusion_twas/WEIGHTS/Blood_LDL/RBM11_500kb.wgt.RDat	RBM11	21	15588451	15600693	0.1749	rs3115512	-2.82	rs433899	 0.071826	 -6.68	-0.3148	179	 13	enet	0.13980	 1.69e-16	-0.1078	0.914152
./fusion_twas/WEIGHTS/Blood_LDL/TIAM1_500kb.wgt.RDat	TIAM1	21	32490734	32932290	0.0694	rs2833157	-2.74	rs577738	 0.016047	 -4.26	 0.6774	244	  6	enet	0.03793	 2.00e-05	 0.4453	0.656118
./fusion_twas/WEIGHTS/Blood_LDL/CCT8_500kb.wgt.RDat	CCT8	21	30428126	30446118	0.2880	rs10482993	 1.70	rs2070610	 0.424538	 13.66	 0.6707	125	  5	lasso	0.42591	 8.27e-56	 0.7117	0.476667
./fusion_twas/WEIGHTS/Blood_LDL/NDUFV3_500kb.wgt.RDat	NDUFV3	21	44299754	44333414	0.0850	rs566038	 2.59	rs2251362	 0.036053	  0.00	-0.3409	262	  5	enet	0.05563	 2.72e-07	 0.9483	0.342988
./fusion_twas/WEIGHTS/Blood_LDL/MCM3AP_500kb.wgt.RDat	MCM3AP	21	47655047	47706211	0.1616	rs2277824	-3.58	rs2096507	 0.114492	 -7.16	 1.3269	157	157	blup	0.12424	 9.64e-15	-1.5110	0.130781
./fusion_twas/WEIGHTS/Blood_LDL/IL10RB-AS1_500kb.wgt.RDat	IL10RB-AS1	21	34636178	34638565	0.0623	rs1475835	-2.59	rs2834157	 0.035260	  4.24	-0.4737	188	  2	lasso	0.02856	 1.95e-04	-0.4724	0.636635
./fusion_twas/WEIGHTS/Blood_LDL/LINC00649_500kb.wgt.RDat	LINC00649	21	35287838	35349992	0.4877	rs1892593	 2.76	rs8130507	 0.594607	-16.14	 0.2264	193	  3	lasso	0.58624	 1.59e-87	-0.2912	0.770908
./fusion_twas/WEIGHTS/Blood_LDL/USP16_500kb.wgt.RDat	USP16	21	30396950	30426809	0.0464	rs10482993	 1.70	rs1034123	 0.017143	 -4.15	-0.8659	125	125	prs	0.02766	 2.43e-04	 0.4838	0.628512
./fusion_twas/WEIGHTS/Blood_LDL/RWDD2B_500kb.wgt.RDat	RWDD2B	21	30376705	30391699	0.1283	rs10482993	 1.70	rs2832155	 0.139107	  8.00	-0.1833	127	  4	lasso	0.13229	 1.20e-15	-0.1395	0.889037
./fusion_twas/WEIGHTS/Blood_LDL/PRMT2_500kb.wgt.RDat	PRMT2	21	48055079	48085036	0.5566	rs2277824	-3.58	rs11910707	 0.263507	 11.52	-0.6379	 89	  9	lasso	0.65231	2.33e-104	-0.8981	0.369108
