FILE	ID	CHR	P0	P1	HSQ	BEST.GWAS.ID	BEST.GWAS.Z	EQTL.ID	EQTL.R2	EQTL.Z	EQTL.GWAS.Z	NSNP	NWGT	MODEL	MODELCV.R2	MODELCV.PV	TWAS.Z	TWAS.P
./fusion_twas/WEIGHTS/Blood_LDL/RRP7A_500kb.wgt.RDat	RRP7A	22	42905974	42915808	0.4792	rs5758894	 2.19	rs7287384	 0.275833	 11.19	-0.2195	129	  9	lasso	0.3051	 2.75e-37	-0.15245	8.79e-01
./fusion_twas/WEIGHTS/Blood_LDL/LINC00899_500kb.wgt.RDat	LINC00899	22	46435787	46440733	0.1224	rs4253728	 3.88	rs4072455	 0.104382	  6.85	 1.2500	175	  2	lasso	0.1020	 2.77e-12	 1.25975	2.08e-01
./fusion_twas/WEIGHTS/Blood_LDL/MEI1_500kb.wgt.RDat	MEI1	22	42095503	42195460	0.1702	rs5996130	-2.14	rs132765	 0.184923	  9.09	-1.0152	112	  4	lasso	0.1788	 4.88e-21	-1.03174	3.02e-01
./fusion_twas/WEIGHTS/Blood_LDL/CLTCL1_500kb.wgt.RDat	CLTCL1	22	19166986	19279239	0.0866	rs719078	 2.33	rs3761407	 0.016277	  4.11	-0.4000	146	 23	enet	0.0497	 1.15e-06	-0.37962	7.04e-01
./fusion_twas/WEIGHTS/Blood_LDL/KREMEN1_500kb.wgt.RDat	KREMEN1	22	29469066	29564321	0.0757	rs760628	 2.66	rs134583	 0.076036	 -5.89	 1.0943	123	  5	lasso	0.0685	 1.18e-08	-0.97598	3.29e-01
./fusion_twas/WEIGHTS/Blood_LDL/DGCR8_500kb.wgt.RDat	DGCR8	22	20067755	20099400	0.1711	rs2531716	-2.43	rs2286928	 0.097888	  6.90	-0.0254	186	  3	lasso	0.0982	 7.38e-12	-0.18854	8.50e-01
./fusion_twas/WEIGHTS/Blood_LDL/CCDC134_500kb.wgt.RDat	CCDC134	22	42196683	42222303	0.2150	rs5996130	-2.14	rs738247	 0.109126	  7.33	-0.3148	101	  3	lasso	0.1193	 3.43e-14	-0.61185	5.41e-01
./fusion_twas/WEIGHTS/Blood_LDL/XBP1_500kb.wgt.RDat	XBP1	22	29190543	29196585	0.1240	rs760628	 2.66	rs5752718	 0.128495	  0.00	 0.3729	101	  5	lasso	0.1851	 8.68e-22	 0.34777	7.28e-01
./fusion_twas/WEIGHTS/Blood_LDL/SYNGR1_500kb.wgt.RDat	SYNGR1	22	39745930	39781593	0.3854	rs3736685	 2.23	rs5757611	 0.332501	 12.11	 0.8413	147	 28	enet	0.4006	 1.28e-51	-0.33408	7.38e-01
./fusion_twas/WEIGHTS/Blood_LDL/IGLV3-1_500kb.wgt.RDat	IGLV3-1	22	23222886	23223576	0.0876	rs469120	 2.65	rs390407	 0.094696	 -6.73	 1.1311	 99	  1	lasso	0.0821	 4.03e-10	-1.13115	2.58e-01
./fusion_twas/WEIGHTS/Blood_LDL/SERHL2_500kb.wgt.RDat	SERHL2	22	42949623	42970388	0.1883	rs5758894	 2.19	rs7287384	 0.049348	 -5.56	-0.2195	140	  5	lasso	0.1006	 3.97e-12	-0.18325	8.55e-01
./fusion_twas/WEIGHTS/Blood_LDL/SMARCB1_500kb.wgt.RDat	SMARCB1	22	24129150	24176703	0.0889	rs2267073	 2.29	rs5759681	 0.038786	  0.00	-0.0847	144	144	prs	0.0273	 2.68e-04	-0.85363	3.93e-01
./fusion_twas/WEIGHTS/Blood_LDL/CECR6_500kb.wgt.RDat	CECR6	22	17597189	17602257	0.2134	rs9618937	 2.66	rs738033	 0.155737	 -8.38	 0.0656	226	  5	lasso	0.1604	 7.25e-19	 0.15822	8.74e-01
./fusion_twas/WEIGHTS/Blood_LDL/AC006547.8_500kb.wgt.RDat	AC006547.8	22	20098344	20099398	0.1076	rs2531716	-2.43	rs2286928	 0.076601	  6.71	-0.0254	176	  3	lasso	0.0967	 1.06e-11	-0.20481	8.38e-01
./fusion_twas/WEIGHTS/Blood_LDL/BID_500kb.wgt.RDat	BID	22	18216906	18257536	0.0801	rs7286607	 3.98	rs9967	 0.046765	  5.92	 0.9245	234	  5	enet	0.0630	 4.55e-08	 1.15941	2.46e-01
./fusion_twas/WEIGHTS/Blood_LDL/THOC5_500kb.wgt.RDat	THOC5	22	29901868	29951205	0.0653	rs4823054	 5.83	rs12484045	-0.001222	  2.83	-0.1493	132	132	prs	0.0102	 1.83e-02	 0.09271	9.26e-01
./fusion_twas/WEIGHTS/Blood_LDL/IGLC7_500kb.wgt.RDat	IGLC7	22	23264766	23265203	0.6726	rs469120	 2.65	rs390407	 0.105771	 -7.92	 1.1311	103	  9	lasso	0.4657	 9.14e-63	-0.04634	9.63e-01
./fusion_twas/WEIGHTS/Blood_LDL/FOXRED2_500kb.wgt.RDat	FOXRED2	22	36883237	36903148	0.3097	rs7286844	-3.24	rs3747163	 0.288772	 11.31	 1.5000	246	  6	lasso	0.3293	 1.01e-40	 1.16290	2.45e-01
./fusion_twas/WEIGHTS/Blood_LDL/PLXNB2_500kb.wgt.RDat	PLXNB2	22	50713408	50746056	0.0721	rs7410465	 3.56	rs11101951	 0.012568	  3.81	-1.7143	124	124	prs	0.0293	 1.65e-04	-1.63900	1.01e-01
./fusion_twas/WEIGHTS/Blood_LDL/LARGE_500kb.wgt.RDat	LARGE	22	33558212	34318829	0.1674	rs5754779	-2.95	rs5994705	 0.112022	  7.21	-0.7931	401	  3	lasso	0.0966	 1.10e-11	-0.73479	4.62e-01
./fusion_twas/WEIGHTS/Blood_LDL/NPTXR_500kb.wgt.RDat	NPTXR	22	39214457	39239987	0.2837	rs3736685	 2.23	rs13053505	 0.300256	 11.47	 0.0429	141	  3	lasso	0.3098	 6.14e-38	 0.02663	9.79e-01
./fusion_twas/WEIGHTS/Blood_LDL/TPTEP1_500kb.wgt.RDat	TPTEP1	22	17082777	17179632	0.3156	rs9618937	 2.66	rs5746647	 0.056538	  0.00	 1.1569	112	 32	enet	0.1291	 2.73e-15	-0.13055	8.96e-01
./fusion_twas/WEIGHTS/Blood_LDL/ASCC2_500kb.wgt.RDat	ASCC2	22	30184597	30234271	0.2599	rs4823054	 5.83	rs6006267	 0.041230	  5.34	-0.6792	121	 21	enet	0.1493	 1.39e-17	-0.95134	3.41e-01
./fusion_twas/WEIGHTS/Blood_LDL/HMGXB4_500kb.wgt.RDat	HMGXB4	22	35653445	35691800	0.0516	rs1474558	 4.24	rs2272790	 0.042145	 -4.60	 3.6140	232	232	prs	0.0322	 7.95e-05	-4.45005	8.58e-06
./fusion_twas/WEIGHTS/Blood_LDL/PVALB_500kb.wgt.RDat	PVALB	22	37196728	37215523	0.5111	rs2283981	 3.03	rs4821544	 0.404237	-13.34	-1.8667	266	 23	enet	0.4336	 4.11e-57	 1.60908	1.08e-01
./fusion_twas/WEIGHTS/Blood_LDL/SAMM50_500kb.wgt.RDat	SAMM50	22	44351301	44406411	0.2100	rs6003211	 3.76	rs20195	 0.176071	  0.00	-1.1429	304	 13	enet	0.1782	 5.79e-21	-0.35777	7.21e-01
./fusion_twas/WEIGHTS/Blood_LDL/CRELD2_500kb.wgt.RDat	CRELD2	22	50311815	50321188	0.1421	rs5769644	 2.19	rs2092982	 0.142515	  8.24	 0.5909	136	  4	lasso	0.1440	 5.63e-17	 0.76789	4.43e-01
./fusion_twas/WEIGHTS/Blood_LDL/DDX17_500kb.wgt.RDat	DDX17	22	38879445	38903665	0.0424	rs7289126	-2.94	rs763121	 0.024882	  3.80	-1.4500	127	127	prs	0.0177	 2.78e-03	-1.07688	2.82e-01
./fusion_twas/WEIGHTS/Blood_LDL/C22orf43_500kb.wgt.RDat	C22orf43	22	23950639	23974508	0.3655	rs5751613	 2.13	rs12167140	 0.201852	 -9.46	 0.6452	166	 17	enet	0.3116	 3.35e-38	-0.65568	5.12e-01
./fusion_twas/WEIGHTS/Blood_LDL/KLHDC7B_500kb.wgt.RDat	KLHDC7B	22	50986462	50989451	0.0716	rs7410465	 3.56	rs5770874	 0.056214	 -5.14	-1.5926	103	 14	enet	0.0569	 2.00e-07	 1.92515	5.42e-02
./fusion_twas/WEIGHTS/Blood_LDL/TTC28_500kb.wgt.RDat	TTC28	22	28374004	29075853	0.2485	rs6005535	-2.72	rs5762179	 0.281100	  0.00	 1.1667	281	  3	lasso	0.2763	 2.45e-33	 0.14306	8.86e-01
./fusion_twas/WEIGHTS/Blood_LDL/CYB5R3_500kb.wgt.RDat	CYB5R3	22	43013846	43045574	0.1771	rs5758894	 2.19	rs736013	 0.087570	 -6.38	 1.4659	147	  7	lasso	0.1338	 8.07e-16	-0.77170	4.40e-01
./fusion_twas/WEIGHTS/Blood_LDL/SMDT1_500kb.wgt.RDat	SMDT1	22	42475695	42480288	0.4972	rs5996130	-2.14	rs11090076	 0.697203	-17.57	-0.5741	116	 15	enet	0.7062	1.22e-120	 0.51413	6.07e-01
./fusion_twas/WEIGHTS/Blood_LDL/LDOC1L_500kb.wgt.RDat	LDOC1L	22	44888452	44894178	0.2784	rs8138173	-2.70	rs133753	 0.317844	 11.89	-2.0000	351	 16	enet	0.3179	 4.35e-39	-1.63787	1.01e-01
./fusion_twas/WEIGHTS/Blood_LDL/APOBEC3B_500kb.wgt.RDat	APOBEC3B	22	39378352	39388809	0.7215	rs3736685	 2.23	rs4365560	 0.223768	 10.03	 1.0000	141	 66	enet	0.4467	 2.17e-59	 0.32194	7.47e-01
./fusion_twas/WEIGHTS/Blood_LDL/MED15_500kb.wgt.RDat	MED15	22	20850200	20941919	0.0986	rs178255	-2.07	rs11704564	 0.056083	 -5.16	-1.3472	134	 12	enet	0.0748	 2.46e-09	 0.24468	8.07e-01
./fusion_twas/WEIGHTS/Blood_LDL/LL22NC03-2H8.5_500kb.wgt.RDat	LL22NC03-2H8.5	22	22638312	22641586	0.3296	rs5759061	-2.25	rs3819309	 0.164632	  8.54	-1.3492	 97	 10	enet	0.1844	 1.07e-21	-0.63710	5.24e-01
./fusion_twas/WEIGHTS/Blood_LDL/ODF3B_500kb.wgt.RDat	ODF3B	22	50968139	50971009	0.0697	rs7410465	 3.56	rs140522	 0.043558	 -5.34	-0.4000	108	  2	lasso	0.0504	 9.78e-07	 1.06989	2.85e-01
./fusion_twas/WEIGHTS/Blood_LDL/TANGO2_500kb.wgt.RDat	TANGO2	22	20004537	20053449	0.0751	rs2531716	-2.43	rs2531708	 0.071938	 -5.86	 0.4808	197	  3	lasso	0.0577	 1.66e-07	-0.47903	6.32e-01
./fusion_twas/WEIGHTS/Blood_LDL/C22orf34_500kb.wgt.RDat	C22orf34	22	49808176	50051190	0.4012	rs762942	 2.67	rs9616329	 0.236672	-10.31	-0.5000	332	 11	lasso	0.3576	 6.67e-45	 0.09108	9.27e-01
./fusion_twas/WEIGHTS/Blood_LDL/APOBEC3G_500kb.wgt.RDat	APOBEC3G	22	39436924	39483748	0.1776	rs3736685	 2.23	rs738469	 0.123727	 -7.62	 1.2967	154	  2	lasso	0.1183	 4.42e-14	-1.24338	2.14e-01
./fusion_twas/WEIGHTS/Blood_LDL/FAM109B_500kb.wgt.RDat	FAM109B	22	42470255	42475445	0.1228	rs5996130	-2.14	rs4147638	 0.029173	 -4.25	-0.5370	116	 30	enet	0.0517	 7.14e-07	-0.20947	8.34e-01
./fusion_twas/WEIGHTS/Blood_LDL/SFI1_500kb.wgt.RDat	SFI1	22	31884674	32014572	0.1742	rs1034419	-2.35	rs9609304	 0.088404	 -6.62	 0.7759	119	119	prs	0.1399	 1.63e-16	-0.12377	9.02e-01
./fusion_twas/WEIGHTS/Blood_LDL/MAFF_500kb.wgt.RDat	MAFF	22	38597889	38612518	0.0455	rs7289126	-2.94	rs5750477	 0.031611	  0.00	 0.6111	110	110	prs	0.0271	 2.78e-04	-3.08830	2.01e-03
./fusion_twas/WEIGHTS/Blood_LDL/AIFM3_500kb.wgt.RDat	AIFM3	22	21319396	21335649	0.1420	rs431319	-2.14	rs5751800	 0.055822	  5.75	 0.6667	123	  6	lasso	0.0887	 7.99e-11	 0.80167	4.23e-01
./fusion_twas/WEIGHTS/Blood_LDL/KIAA1671_500kb.wgt.RDat	KIAA1671	22	25348697	25593415	0.2703	rs6004418	 2.85	rs6004417	 0.238597	 10.26	 1.6190	193	  3	lasso	0.2354	 5.44e-28	 1.65033	9.89e-02
./fusion_twas/WEIGHTS/Blood_LDL/RRP7B_500kb.wgt.RDat	RRP7B	22	42951229	42978044	0.1182	rs5758894	 2.19	rs7287384	 0.012711	  4.80	-0.2195	141	 33	enet	0.0480	 1.74e-06	-0.91523	3.60e-01
./fusion_twas/WEIGHTS/Blood_LDL/ZBED4_500kb.wgt.RDat	ZBED4	22	50247490	50283726	0.1041	rs5770370	 2.58	rs761878	 0.062449	  5.79	 0.9872	168	 14	enet	0.0648	 2.86e-08	 0.73333	4.63e-01
./fusion_twas/WEIGHTS/Blood_LDL/IGLC2_500kb.wgt.RDat	IGLC2	22	23243156	23243617	0.4034	rs469120	 2.65	rs390407	 0.343425	-12.31	 1.1311	 99	  3	lasso	0.3384	 4.68e-42	-1.13134	2.58e-01
./fusion_twas/WEIGHTS/Blood_LDL/NAGA_500kb.wgt.RDat	NAGA	22	42454358	42466846	0.1587	rs5996130	-2.14	rs1063392	 0.089748	  7.64	 0.5577	117	117	prs	0.1316	 1.42e-15	 0.29982	7.64e-01
./fusion_twas/WEIGHTS/Blood_LDL/CTA-217C2.1_500kb.wgt.RDat	CTA-217C2.1	22	45528901	45559662	0.3028	rs6006959	-2.74	rs9614859	 0.178804	  0.00	-0.2255	288	 21	enet	0.2151	 1.93e-25	 0.52765	5.98e-01
./fusion_twas/WEIGHTS/Blood_LDL/SLC25A1_500kb.wgt.RDat	SLC25A1	22	19163095	19166343	0.0773	rs719078	 2.33	rs4819782	 0.060342	 -5.41	-0.2031	122	  6	enet	0.0628	 4.77e-08	 0.15053	8.80e-01
./fusion_twas/WEIGHTS/Blood_LDL/CECR1_500kb.wgt.RDat	CECR1	22	17660194	17702879	0.0904	rs9618937	 2.66	rs8136533	 0.078106	  5.94	 1.5536	235	  3	lasso	0.0814	 4.85e-10	 1.28067	2.00e-01
./fusion_twas/WEIGHTS/Blood_LDL/NIPSNAP1_500kb.wgt.RDat	NIPSNAP1	22	29950797	29977326	0.0701	rs4823054	 5.83	rs2245185	 0.050157	  5.15	 0.4528	126	126	prs	0.0366	 2.74e-05	 0.62633	5.31e-01
./fusion_twas/WEIGHTS/Blood_LDL/RP1-90L6.2_500kb.wgt.RDat	RP1-90L6.2	22	27254597	27261749	0.2624	rs9608534	-3.92	rs1941126	 0.143092	  0.00	-0.7222	393	 24	enet	0.2062	 2.45e-24	 1.52849	1.26e-01
./fusion_twas/WEIGHTS/Blood_LDL/C22orf29_500kb.wgt.RDat	C22orf29	22	19833661	19842419	0.1833	rs2531716	-2.43	rs1053001	 0.153674	 -8.43	 0.2286	217	  5	lasso	0.1590	 1.05e-18	-0.40873	6.83e-01
./fusion_twas/WEIGHTS/Blood_LDL/CHEK2_500kb.wgt.RDat	CHEK2	22	29083731	29138410	0.0736	rs760628	 2.66	rs7284814	 0.043736	  0.00	-0.9833	101	101	prs	0.0399	 1.24e-05	 0.57015	5.69e-01
./fusion_twas/WEIGHTS/Blood_LDL/TTC28-AS1_500kb.wgt.RDat	TTC28-AS1	22	28315364	28404569	0.1464	rs6005535	-2.72	rs733164	 0.100333	  0.00	-1.3390	242	  1	lasso	0.0966	 1.09e-11	-0.45122	6.52e-01
./fusion_twas/WEIGHTS/Blood_LDL/PPM1F_500kb.wgt.RDat	PPM1F	22	22273793	22307209	0.2060	rs2276006	-2.32	rs9610690	 0.254183	-10.82	 0.9634	130	  2	lasso	0.2736	 5.63e-33	-0.63237	5.27e-01
./fusion_twas/WEIGHTS/Blood_LDL/TOMM22_500kb.wgt.RDat	TOMM22	22	39077953	39080818	0.0354	rs7289126	-2.94	rs5750668	 0.037977	 -4.62	 0.5000	135	135	prs	0.0283	 2.10e-04	-0.45462	6.49e-01
./fusion_twas/WEIGHTS/Blood_LDL/AC006547.13_500kb.wgt.RDat	AC006547.13	22	20050503	20058066	0.0663	rs2531716	-2.43	rs3804043	 0.042660	  4.50	-0.0833	192	  3	enet	0.0461	 2.73e-06	-0.04869	9.61e-01
./fusion_twas/WEIGHTS/Blood_LDL/PLA2G6_500kb.wgt.RDat	PLA2G6	22	38507502	38601697	0.1610	rs7289126	-2.94	rs2284060	 0.149260	  8.52	-1.6923	121	  8	enet	0.1937	 8.00e-23	-1.90165	5.72e-02
./fusion_twas/WEIGHTS/Blood_LDL/CTA-211A9.5_500kb.wgt.RDat	CTA-211A9.5	22	27068730	27176170	0.3239	rs9608534	-3.92	rs1041901	 0.132532	 -7.68	-1.6970	434	 36	enet	0.2059	 2.60e-24	 0.32728	7.43e-01
./fusion_twas/WEIGHTS/Blood_LDL/CTA-445C9.15_500kb.wgt.RDat	CTA-445C9.15	22	26917949	26921002	0.6801	rs9608534	-3.92	rs4275	 0.753647	 18.16	 0.5660	341	  4	lasso	0.7521	4.65e-137	 0.55160	5.81e-01
./fusion_twas/WEIGHTS/Blood_LDL/APOBEC3H_500kb.wgt.RDat	APOBEC3H	22	39493229	39500072	0.1449	rs3736685	 2.23	rs738469	 0.119069	 -7.45	 1.2967	155	  7	enet	0.1107	 3.09e-13	-1.33084	1.83e-01
./fusion_twas/WEIGHTS/Blood_LDL/TTC38_500kb.wgt.RDat	TTC38	22	46663858	46689905	0.0559	rs4253728	 3.88	rs135990	 0.041569	  0.00	-0.8710	181	181	prs	0.0340	 5.14e-05	-3.43687	5.88e-04
./fusion_twas/WEIGHTS/Blood_LDL/LGALS2_500kb.wgt.RDat	LGALS2	22	37966255	37978623	0.7091	rs5750508	 2.51	rs2281097	 0.657860	 16.96	-0.3396	195	 21	enet	0.6745	9.82e-111	-0.45670	6.48e-01
./fusion_twas/WEIGHTS/Blood_LDL/NDUFA6-AS1_500kb.wgt.RDat	NDUFA6-AS1	22	42486935	42535286	0.0811	rs5996130	-2.14	rs742086	 0.000455	  3.94	-0.0492	127	 15	enet	0.0399	 1.25e-05	-0.00380	9.97e-01
./fusion_twas/WEIGHTS/Blood_LDL/CHKB_500kb.wgt.RDat	CHKB	22	51017378	51039884	0.0783	rs7410465	 3.56	rs140514	 0.049640	  5.42	 0.1321	 95	 95	prs	0.0562	 2.36e-07	 0.00631	9.95e-01
./fusion_twas/WEIGHTS/Blood_LDL/UPB1_500kb.wgt.RDat	UPB1	22	24863206	24924358	0.1645	rs5751862	-2.62	rs1041749	 0.186954	  9.20	 2.2642	140	  6	lasso	0.1813	 2.47e-21	 2.22567	2.60e-02
./fusion_twas/WEIGHTS/Blood_LDL/CBX6_500kb.wgt.RDat	CBX6	22	39257455	39268319	0.2020	rs3736685	 2.23	rs7292074	 0.195673	 -9.31	 1.4211	139	  2	lasso	0.1966	 3.61e-23	-1.38007	1.68e-01
./fusion_twas/WEIGHTS/Blood_LDL/C1QTNF6_500kb.wgt.RDat	C1QTNF6	22	37576207	37595425	0.2334	rs5995396	-2.38	rs2284010	 0.069364	  0.00	-0.9828	258	 33	enet	0.1785	 5.36e-21	-0.70339	4.82e-01
./fusion_twas/WEIGHTS/Blood_LDL/SSTR3_500kb.wgt.RDat	SSTR3	22	37600278	37608362	0.0800	rs5995396	-2.38	rs5756562	 0.074177	 -5.97	 0.5741	250	  3	lasso	0.0666	 1.87e-08	-0.58627	5.58e-01
./fusion_twas/WEIGHTS/Blood_LDL/TRIOBP_500kb.wgt.RDat	TRIOBP	22	38093011	38172563	0.1930	rs7289126	-2.94	rs4820303	 0.196939	 -9.79	-1.5536	178	  3	lasso	0.1982	 2.27e-23	 1.49665	1.34e-01
./fusion_twas/WEIGHTS/Blood_LDL/MICALL1_500kb.wgt.RDat	MICALL1	22	38301664	38338829	0.0570	rs7289126	-2.94	rs743942	 0.007576	 -3.37	-0.6094	135	 25	enet	0.0429	 5.94e-06	 0.30846	7.58e-01
./fusion_twas/WEIGHTS/Blood_LDL/TEF_500kb.wgt.RDat	TEF	22	41763337	41795330	0.1048	rs138352	 2.40	rs17367716	 0.124161	  7.77	-1.1250	 89	 89	prs	0.1218	 1.81e-14	-0.89588	3.70e-01
./fusion_twas/WEIGHTS/Blood_LDL/XPNPEP3_500kb.wgt.RDat	XPNPEP3	22	41253081	41363838	0.0901	rs138305	 2.89	rs138354	 0.095846	 -6.78	 1.3654	 93	  6	enet	0.1046	 1.45e-12	-0.61611	5.38e-01
./fusion_twas/WEIGHTS/Blood_LDL/ATP6V1E1_500kb.wgt.RDat	ATP6V1E1	22	18074902	18111584	0.1714	rs7286607	 3.98	rs2401158	 0.128695	 -7.64	 0.3768	276	 18	enet	0.1325	 1.14e-15	-0.64208	5.21e-01
./fusion_twas/WEIGHTS/Blood_LDL/TXNRD2_500kb.wgt.RDat	TXNRD2	22	19863040	19929341	0.1547	rs2531716	-2.43	rs17745314	 0.041446	 -5.45	-0.4747	213	 30	enet	0.0886	 8.03e-11	-0.89859	3.69e-01
./fusion_twas/WEIGHTS/Blood_LDL/TCN2_500kb.wgt.RDat	TCN2	22	31002825	31023265	0.1628	rs5753014	 3.77	rs5753231	 0.087080	 -6.99	 0.0909	165	  5	lasso	0.1379	 2.77e-16	-0.49387	6.21e-01
./fusion_twas/WEIGHTS/Blood_LDL/NOL12_500kb.wgt.RDat	NOL12	22	38077680	38170137	0.0390	rs7289126	-2.94	rs743837	 0.004731	  3.76	-1.5085	185	185	prs	0.0200	 1.59e-03	-2.59671	9.41e-03
./fusion_twas/WEIGHTS/Blood_LDL/TCF20_500kb.wgt.RDat	TCF20	22	42556019	42739622	0.0540	rs5758894	 2.19	rs133299	 0.049216	  5.13	 0.3770	157	157	prs	0.0394	 1.40e-05	 0.40631	6.85e-01
./fusion_twas/WEIGHTS/Blood_LDL/CTA-29F11.1_500kb.wgt.RDat	CTA-29F11.1	22	47157791	47158460	0.1433	rs9615998	 3.32	rs5769136	 0.184882	 -9.11	-0.0175	205	  1	lasso	0.1766	 9.05e-21	 0.01754	9.86e-01
./fusion_twas/WEIGHTS/Blood_LDL/MGAT3_500kb.wgt.RDat	MGAT3	22	39853349	39888199	0.1290	rs3736685	 2.23	rs738289	 0.137754	  8.14	 0.7833	147	  7	lasso	0.1236	 1.14e-14	 0.75000	4.53e-01
./fusion_twas/WEIGHTS/Blood_LDL/APOBEC3C_500kb.wgt.RDat	APOBEC3C	22	39410088	39416357	0.1078	rs3736685	 2.23	rs1969643	 0.049703	 -5.51	-1.5000	146	  8	enet	0.0935	 2.35e-11	 0.09689	9.23e-01
./fusion_twas/WEIGHTS/Blood_LDL/CCDC117_500kb.wgt.RDat	CCDC117	22	29168662	29185283	0.0449	rs760628	 2.66	rs6005861	 0.015344	  4.60	-0.3810	101	101	prs	0.0423	 6.88e-06	 0.22788	8.20e-01
./fusion_twas/WEIGHTS/Blood_LDL/BCL2L13_500kb.wgt.RDat	BCL2L13	22	18111621	18213388	0.1112	rs7286607	 3.98	rs181390	 0.023147	 -4.52	 0.5091	269	269	prs	0.0160	 4.31e-03	-0.69656	4.86e-01
./fusion_twas/WEIGHTS/Blood_LDL/TMEM184B_500kb.wgt.RDat	TMEM184B	22	38615298	38669040	0.0668	rs7289126	-2.94	rs7289126	 0.069641	 -5.90	-2.9423	114	  2	lasso	0.0543	 3.75e-07	 2.94094	3.27e-03
./fusion_twas/WEIGHTS/Blood_LDL/ADRBK2_500kb.wgt.RDat	ADRBK2	22	25960816	26125261	0.0939	rs6004418	 2.85	rs6004417	 0.003986	  0.00	 1.6190	226	226	prs	0.0143	 6.56e-03	 1.73538	8.27e-02
./fusion_twas/WEIGHTS/Blood_LDL/BCR_500kb.wgt.RDat	BCR	22	23521891	23660224	0.2207	rs469120	 2.65	rs131690	 0.094494	 -6.60	-0.1481	162	 15	enet	0.1181	 4.69e-14	 0.05562	9.56e-01
./fusion_twas/WEIGHTS/Blood_LDL/PDGFB_500kb.wgt.RDat	PDGFB	22	39619364	39640756	0.2404	rs3736685	 2.23	rs5757573	 0.250031	-10.51	-0.0645	157	  2	lasso	0.2422	 7.41e-29	 0.04281	9.66e-01
./fusion_twas/WEIGHTS/Blood_LDL/ATF4_500kb.wgt.RDat	ATF4	22	39915700	39918691	0.1108	rs3736685	 2.23	rs710192	 0.075220	  6.20	 0.7719	148	  1	lasso	0.0693	 9.54e-09	 0.77193	4.40e-01
./fusion_twas/WEIGHTS/Blood_LDL/ANKRD54_500kb.wgt.RDat	ANKRD54	22	38226862	38245334	0.1157	rs7289126	-2.94	rs9306321	 0.004718	  3.71	-0.1667	143	143	prs	0.0310	 1.07e-04	 2.14591	3.19e-02
./fusion_twas/WEIGHTS/Blood_LDL/RABL2B_500kb.wgt.RDat	RABL2B	22	51205929	51222091	0.2310	rs7410465	 3.56	rs2285395	 0.163084	  9.04	-0.1875	 70	 14	enet	0.1833	 1.45e-21	-0.74818	4.54e-01
./fusion_twas/WEIGHTS/Blood_LDL/MTMR3_500kb.wgt.RDat	MTMR3	22	30279144	30426855	0.0770	rs4823054	 5.83	rs9983	 0.053917	  5.59	 0.0694	152	  3	lasso	0.0340	 5.25e-05	 0.01161	9.91e-01
./fusion_twas/WEIGHTS/Blood_LDL/TOM1_500kb.wgt.RDat	TOM1	22	35695268	35743985	0.1760	rs1474558	 4.24	rs138785	 0.185462	  9.74	 3.6250	232	  4	lasso	0.2013	 9.75e-24	 3.99104	6.58e-05
./fusion_twas/WEIGHTS/Blood_LDL/GNAZ_500kb.wgt.RDat	GNAZ	22	23412540	23467224	0.0647	rs469120	 2.65	rs756632	 0.016896	  4.38	-0.5135	136	136	prs	0.0515	 7.51e-07	-1.07542	2.82e-01
./fusion_twas/WEIGHTS/Blood_LDL/RP3-508I15.21_500kb.wgt.RDat	RP3-508I15.21	22	39138630	39139120	0.0547	rs3736685	 2.23	rs4361209	 0.007859	  3.85	 0.8913	140	140	prs	0.0396	 1.33e-05	 0.81863	4.13e-01
./fusion_twas/WEIGHTS/Blood_LDL/KIAA0930_500kb.wgt.RDat	KIAA0930	22	45586219	45636650	0.1217	rs6006959	-2.74	rs132884	 0.015985	 -4.02	 0.2000	281	281	prs	0.0447	 3.91e-06	 1.28146	2.00e-01
./fusion_twas/WEIGHTS/Blood_LDL/RGL4_500kb.wgt.RDat	RGL4	22	24030323	24041363	0.0713	rs5751613	 2.13	rs6003849	-0.000684	  3.30	-0.1509	153	153	prs	0.0112	 1.43e-02	 0.39249	6.95e-01
./fusion_twas/WEIGHTS/Blood_LDL/MLC1_500kb.wgt.RDat	MLC1	22	50497820	50524331	0.1091	rs7410465	 3.56	rs6010165	 0.018802	 -4.74	 1.3902	119	 25	enet	0.0559	 2.58e-07	-0.81365	4.16e-01
./fusion_twas/WEIGHTS/Blood_LDL/GSTT1_500kb.wgt.RDat	GSTT1	22	24376133	24384680	0.5705	rs5751862	-2.62	rs1002286	 0.542778	-15.43	 0.2432	120	  9	lasso	0.5780	 1.30e-85	-0.12838	8.98e-01
./fusion_twas/WEIGHTS/Blood_LDL/PICK1_500kb.wgt.RDat	PICK1	22	38452318	38471708	0.1483	rs7289126	-2.94	rs3952	 0.124757	 -7.46	 1.5238	120	  2	lasso	0.1210	 2.20e-14	-1.55374	1.20e-01
./fusion_twas/WEIGHTS/Blood_LDL/EIF3D_500kb.wgt.RDat	EIF3D	22	36906897	36925483	0.1157	rs7286844	-3.24	rs6000059	-0.002219	  0.00	 2.0076	251	251	prs	0.0236	 6.54e-04	-0.65233	5.14e-01
./fusion_twas/WEIGHTS/Blood_LDL/PES1_500kb.wgt.RDat	PES1	22	30972612	31003070	0.0581	rs5753014	 3.77	rs718772	 0.016380	  0.00	-0.3898	163	163	prs	0.0210	 1.25e-03	 2.44600	1.44e-02
./fusion_twas/WEIGHTS/Blood_LDL/SBF1_500kb.wgt.RDat	SBF1	22	50883429	50913454	0.2139	rs7410465	 3.56	rs9616853	 0.002024	 -4.02	-1.5538	114	 34	enet	0.0829	 3.33e-10	-1.68387	9.22e-02
./fusion_twas/WEIGHTS/Blood_LDL/CECR5_500kb.wgt.RDat	CECR5	22	17618401	17646177	0.0822	rs9618937	 2.66	rs1079554	 0.023794	 -4.60	-0.4699	229	 12	enet	0.0495	 1.21e-06	 1.46933	1.42e-01
./fusion_twas/WEIGHTS/Blood_LDL/RP3-402G11.25_500kb.wgt.RDat	RP3-402G11.25	22	50630153	50630831	0.0960	rs7410465	 3.56	rs5771104	 0.037815	 -5.32	 1.2963	118	  3	lasso	0.0657	 2.32e-08	-1.23370	2.17e-01
./fusion_twas/WEIGHTS/Blood_LDL/CRYBB2P1_500kb.wgt.RDat	CRYBB2P1	22	25844072	25916821	0.1927	rs6004418	 2.85	rs8141065	 0.063429	 -5.38	 0.0282	195	 21	enet	0.1254	 7.24e-15	-1.04901	2.94e-01
./fusion_twas/WEIGHTS/Blood_LDL/APOBEC3A_500kb.wgt.RDat	APOBEC3A	22	39348746	39359188	0.1177	rs3736685	 2.23	rs2142833	 0.022905	 -4.38	-0.1061	138	 12	enet	0.0458	 2.96e-06	 0.19706	8.44e-01
./fusion_twas/WEIGHTS/Blood_LDL/TOP3B_500kb.wgt.RDat	TOP3B	22	22311397	22337213	0.1590	rs2276006	-2.32	rs6000043	 0.091888	 -7.46	 0.3220	127	 10	enet	0.1400	 1.59e-16	-0.22399	8.23e-01
./fusion_twas/WEIGHTS/Blood_LDL/IFT27_500kb.wgt.RDat	IFT27	22	37154246	37172300	0.1503	rs2283981	 3.03	rs2009667	 0.160077	  8.69	-1.6491	264	  3	lasso	0.1845	 1.02e-21	-1.72919	8.38e-02
./fusion_twas/WEIGHTS/Blood_LDL/GRAMD4_500kb.wgt.RDat	GRAMD4	22	46971909	47075688	0.3110	rs4253728	 3.88	rs5769010	 0.292557	-11.41	-0.8214	236	  5	lasso	0.3259	 3.07e-40	 1.19368	2.33e-01
./fusion_twas/WEIGHTS/Blood_LDL/TFIP11_500kb.wgt.RDat	TFIP11	22	26887191	26908471	0.3267	rs9608534	-3.92	rs2097470	 0.293102	-11.42	 1.4935	339	  2	lasso	0.3051	 2.77e-37	-1.59797	1.10e-01
./fusion_twas/WEIGHTS/Blood_LDL/ZDHHC8_500kb.wgt.RDat	ZDHHC8	22	20116979	20135530	0.0776	rs2531716	-2.43	rs885980	 0.043810	 -5.30	-0.0364	173	  5	lasso	0.0439	 4.66e-06	 0.10143	9.19e-01
./fusion_twas/WEIGHTS/Blood_LDL/MIAT_500kb.wgt.RDat	MIAT	22	27042392	27072438	0.1969	rs9608534	-3.92	rs9625066	 0.152518	  8.41	 0.6250	396	  2	lasso	0.1646	 2.32e-19	 0.60113	5.48e-01
./fusion_twas/WEIGHTS/Blood_LDL/CPT1B_500kb.wgt.RDat	CPT1B	22	51007290	51017899	0.4387	rs7410465	 3.56	rs131750	 0.187104	  9.47	-0.1698	 99	 15	enet	0.3524	 4.03e-44	-0.15805	8.74e-01
./fusion_twas/WEIGHTS/Blood_LDL/DESI1_500kb.wgt.RDat	DESI1	22	41994032	42017100	0.1880	rs7287886	 1.64	rs9607821	 0.123640	 -7.45	 0.8302	 96	 17	enet	0.1575	 1.58e-18	-0.59078	5.55e-01
./fusion_twas/WEIGHTS/Blood_LDL/GAS2L1_500kb.wgt.RDat	GAS2L1	22	29702572	29708774	0.0558	rs4823054	 5.83	rs131190	 0.026495	  4.15	-0.1316	129	  3	lasso	0.0240	 5.95e-04	 0.39151	6.95e-01
./fusion_twas/WEIGHTS/Blood_LDL/FAM118A_500kb.wgt.RDat	FAM118A	22	45704849	45737836	0.6478	rs6006959	-2.74	rs104664	 0.550331	 15.52	-1.2763	256	 13	enet	0.7043	4.88e-120	-0.72346	4.69e-01
./fusion_twas/WEIGHTS/Blood_LDL/SCO2_500kb.wgt.RDat	SCO2	22	50961997	50964868	0.1782	rs7410465	 3.56	rs3091397	 0.075116	  6.99	-0.5211	110	  4	lasso	0.1469	 2.61e-17	 0.29720	7.66e-01
./fusion_twas/WEIGHTS/Blood_LDL/LZTR1_500kb.wgt.RDat	LZTR1	22	21333751	21353327	0.1366	rs431319	-2.14	rs178272	 0.093256	  6.52	 0.1364	122	  2	lasso	0.1268	 4.99e-15	 0.52038	6.03e-01
./fusion_twas/WEIGHTS/Blood_LDL/ARSA_500kb.wgt.RDat	ARSA	22	51061182	51066607	0.2783	rs7410465	 3.56	rs6151429	 0.222398	 -9.89	-2.5670	 89	  6	lasso	0.2205	 4.12e-26	 2.59721	9.40e-03
./fusion_twas/WEIGHTS/Blood_LDL/CTA-963H5.5_500kb.wgt.RDat	CTA-963H5.5	22	31049864	31050801	0.1300	rs2106430	 3.33	rs739894	 0.040784	 -5.05	 0.6438	167	167	prs	0.0550	 3.16e-07	-0.47782	6.33e-01
./fusion_twas/WEIGHTS/Blood_LDL/CELSR1_500kb.wgt.RDat	CELSR1	22	46756731	46933067	0.4016	rs4253728	 3.88	rs7285515	 0.244281	 10.56	-0.3684	213	  6	lasso	0.2958	 5.47e-36	 0.70058	4.84e-01
./fusion_twas/WEIGHTS/Blood_LDL/TYMP_500kb.wgt.RDat	TYMP	22	50964181	50968485	0.1196	rs7410465	 3.56	rs140522	 0.126888	 -7.53	-0.4000	109	  4	lasso	0.1225	 1.51e-14	 0.52936	5.97e-01
./fusion_twas/WEIGHTS/Blood_LDL/FLJ27365_500kb.wgt.RDat	FLJ27365	22	46449749	46509808	0.0466	rs4253728	 3.88	rs873492	 0.008638	 -3.51	-1.7193	187	187	blup	0.0177	 2.82e-03	 0.15853	8.74e-01
./fusion_twas/WEIGHTS/Blood_LDL/NEFH_500kb.wgt.RDat	NEFH	22	29876219	29887379	0.2087	rs4823054	 5.83	rs165649	 0.065155	  7.21	 0.5467	121	 35	enet	0.1358	 4.82e-16	 0.64110	5.21e-01
./fusion_twas/WEIGHTS/Blood_LDL/NUP50_500kb.wgt.RDat	NUP50	22	45559722	45583896	0.1580	rs6006959	-2.74	rs6007233	 0.094717	  0.00	-0.4783	283	283	prs	0.0927	 2.94e-11	 0.89426	3.71e-01
./fusion_twas/WEIGHTS/Blood_LDL/TXN2_500kb.wgt.RDat	TXN2	22	36863083	36878077	0.1147	rs7286844	-3.24	rs6000059	 0.057806	  0.00	 2.0076	241	 12	enet	0.0676	 1.47e-08	 1.07367	2.83e-01
./fusion_twas/WEIGHTS/Blood_LDL/CSNK1E_500kb.wgt.RDat	CSNK1E	22	38686697	38794527	0.1585	rs7289126	-2.94	rs138407	 0.062643	 -5.42	-1.0606	129	  4	lasso	0.1007	 3.91e-12	 0.74526	4.56e-01
./fusion_twas/WEIGHTS/Blood_LDL/CERK_500kb.wgt.RDat	CERK	22	47080308	47134158	0.0673	rs4253728	 3.88	rs5769126	 0.022806	 -4.94	 1.6515	221	 11	enet	0.0539	 4.10e-07	-0.23312	8.16e-01
./fusion_twas/WEIGHTS/Blood_LDL/TTLL12_500kb.wgt.RDat	TTLL12	22	43562628	43583139	0.1655	rs6003211	 3.76	rs2071724	 0.061333	 -5.53	 1.5641	188	 23	enet	0.0987	 6.48e-12	-0.51239	6.08e-01
./fusion_twas/WEIGHTS/Blood_LDL/LIMK2_500kb.wgt.RDat	LIMK2	22	31608225	31676066	0.0338	rs5998115	-2.31	rs6518737	 0.026718	 -4.72	 0.4151	122	122	prs	0.0312	 1.03e-04	-0.38879	6.97e-01
./fusion_twas/WEIGHTS/Blood_LDL/AP000350.5_500kb.wgt.RDat	AP000350.5	22	24243619	24249255	0.3813	rs2267073	 2.29	rs4822451	 0.538706	-15.35	-0.1579	127	 18	enet	0.5800	 4.37e-86	 0.43910	6.61e-01
./fusion_twas/WEIGHTS/Blood_LDL/SNAP29_500kb.wgt.RDat	SNAP29	22	21213271	21245506	0.4170	rs431319	-2.14	rs5751800	 0.345457	 12.34	 0.6667	142	  4	lasso	0.4746	 2.18e-64	 0.63685	5.24e-01
./fusion_twas/WEIGHTS/Blood_LDL/H1F0_500kb.wgt.RDat	H1F0	22	38201114	38203442	0.2980	rs7289126	-2.94	rs5756825	 0.327865	 12.05	-1.5849	145	  6	lasso	0.3391	 3.74e-42	-1.66361	9.62e-02
./fusion_twas/WEIGHTS/Blood_LDL/ZNF74_500kb.wgt.RDat	ZNF74	22	20748405	20762745	0.0841	rs661440	 2.05	rs362125	 0.046533	 -4.74	 0.9636	 93	 93	prs	0.0409	 9.67e-06	-0.60183	5.47e-01
./fusion_twas/WEIGHTS/Blood_LDL/EP300_500kb.wgt.RDat	EP300	22	41487790	41576081	0.0731	rs138305	 2.89	rs139480	 0.016405	 -4.02	 0.3455	 89	 89	blup	0.0303	 1.28e-04	-0.25009	8.03e-01
./fusion_twas/WEIGHTS/Blood_LDL/PISD_500kb.wgt.RDat	PISD	22	32014477	32058418	0.0503	rs1034419	-2.35	rs9609304	 0.029536	 -4.92	 0.7759	112	112	prs	0.0326	 7.33e-05	-0.79397	4.27e-01
./fusion_twas/WEIGHTS/Blood_LDL/CBX7_500kb.wgt.RDat	CBX7	22	39516172	39548679	0.0561	rs3736685	 2.23	rs877529	 0.021932	  4.07	 0.1698	164	164	prs	0.0164	 3.82e-03	 1.35519	1.75e-01
./fusion_twas/WEIGHTS/Blood_LDL/ATXN10_500kb.wgt.RDat	ATXN10	22	46067678	46241187	0.1247	rs4253728	 3.88	rs138170	 0.065567	  6.50	-0.0563	217	217	prs	0.0726	 4.23e-09	-0.27510	7.83e-01
./fusion_twas/WEIGHTS/Blood_LDL/PIK3IP1_500kb.wgt.RDat	PIK3IP1	22	31677579	31688520	0.0915	rs5998115	-2.31	rs4141404	 0.118355	 -7.27	 1.1552	107	 12	enet	0.1151	 9.98e-14	-1.23387	2.17e-01
./fusion_twas/WEIGHTS/Blood_LDL/PI4KA_500kb.wgt.RDat	PI4KA	22	21061979	21213705	0.0421	rs431319	-2.14	rs165634	 0.039121	 -4.90	-0.6667	142	  3	lasso	0.0287	 1.89e-04	 0.42252	6.73e-01
./fusion_twas/WEIGHTS/Blood_LDL/SH3BP1_500kb.wgt.RDat	SH3BP1	22	38030661	38062939	0.2772	rs5750508	 2.51	rs4820294	 0.084973	  7.62	-0.8182	188	 31	enet	0.2170	 1.13e-25	-0.62774	5.30e-01
./fusion_twas/WEIGHTS/Blood_LDL/CYP2D6_500kb.wgt.RDat	CYP2D6	22	42522501	42526908	0.0628	rs5996130	-2.14	rs7245	 0.012357	 -4.01	 0.5769	124	124	prs	0.0251	 4.56e-04	 0.12871	8.98e-01
./fusion_twas/WEIGHTS/Blood_LDL/PARVG_500kb.wgt.RDat	PARVG	22	44568836	44615413	0.1078	rs4823182	-3.58	rs8141450	-0.000960	  0.00	 1.4110	344	 38	enet	0.0390	 1.55e-05	 1.12491	2.61e-01
./fusion_twas/WEIGHTS/Blood_LDL/YWHAH_500kb.wgt.RDat	YWHAH	22	32340447	32353590	0.3260	rs9619261	 2.90	rs2301415	 0.297379	 11.45	-0.8793	171	  5	lasso	0.2968	 3.88e-36	-0.79989	4.24e-01
./fusion_twas/WEIGHTS/Blood_LDL/C22orf39_500kb.wgt.RDat	C22orf39	22	19338891	19435755	0.0437	rs719078	 2.33	rs2283650	 0.019231	 -4.55	-0.5283	191	191	prs	0.0173	 3.07e-03	 1.14018	2.54e-01
./fusion_twas/WEIGHTS/Blood_LDL/LL22NC03-86G7.1_500kb.wgt.RDat	LL22NC03-86G7.1	22	22292609	22297799	0.1115	rs2276006	-2.32	rs5755694	 0.061691	  7.06	 0.9245	130	  4	lasso	0.1085	 5.39e-13	 1.09771	2.72e-01
./fusion_twas/WEIGHTS/Blood_LDL/SREBF2_500kb.wgt.RDat	SREBF2	22	42229109	42303312	0.0502	rs5996130	-2.14	rs9611766	 0.003975	 -3.56	-0.2206	119	119	prs	0.0233	 6.96e-04	-0.01971	9.84e-01
./fusion_twas/WEIGHTS/Blood_LDL/CABIN1_500kb.wgt.RDat	CABIN1	22	24407642	24574596	0.0901	rs5751862	-2.62	rs2282476	 0.036953	 -5.56	-0.4286	132	  2	lasso	0.0647	 2.97e-08	-0.06119	9.51e-01
./fusion_twas/WEIGHTS/Blood_LDL/NDUFA6_500kb.wgt.RDat	NDUFA6	22	42481529	42486959	0.0524	rs5996130	-2.14	rs4467371	 0.008785	 -4.41	 0.0303	121	121	prs	0.0318	 8.89e-05	-0.14425	8.85e-01
